tree
version=v4
num_class=1
num_tree_per_iteration=1
label_index=0
max_feature_idx=3
objective=regression_l1
feature_names=raw_tmax_c doy_sin doy_cos latitude
feature_infos=[-10.6:41] [-0.9999631612477099:0.9999631612477099] [-1:1] [27.084399999999999:34.553899999999999]
tree_sizes=742 770 770 772 771 768 774 769 774 774 776 769 768 761 763 765 768 769 761 763 754 778 765 764 757 779 769 763 775 769 772 759 764 757 764 753 768 751 769 766

Tree=0
num_leaves=7
num_cat=0
split_feature=2 3 3 0 1 2
split_gain=810.88 427.242 288.901 84.4514 78.736 71.95
threshold=0.33662488294938436 33.323550000000004 34.381450000000008 18.250000000000004 0.78409092058139029 -0.60021428054836823
decision_type=2 2 2 2 2 2
left_child=1 3 -2 -1 -3 -5
right_child=2 4 -4 5 -6 -7
leaf_value=0.55500000119209292 0.43999999985098837 0.59999999999999998 0.58499999642372136 0.51000000238418575 0.5300000011920929 0.48000000119209291
leaf_weight=568 2772 1640 252 1309 590 1245
leaf_count=568 2772 1640 252 1309 590 1245
internal_value=0.499594 0.522982 0.458201 0.499103 0.556413 0.491347
internal_weight=8376 5352 3024 3122 2230 2554
internal_count=8376 5352 3024 3122 2230 2554
is_linear=0
shrinkage=1


Tree=1
num_leaves=7
num_cat=0
split_feature=2 3 3 0 1 2
split_gain=687.571 359.835 275.207 96.9174 77.7522 70.9808
threshold=0.20454453068330622 33.323550000000004 34.381450000000008 30.050000000000004 0.78409092058139029 0.67292423355342834
decision_type=2 2 2 2 2 2
left_child=1 3 5 -1 -3 -2
right_child=2 4 -4 -5 -6 -7
leaf_value=0.012000002264976502 -0.023999999687075613 0.090000000000000011 0.071499995589256279 -0.020999999046325681 0.027000001072883608 -0.064000000283122069
leaf_weight=2132 1364 1560 284 766 510 1760
leaf_count=2132 1364 1560 284 766 510 1760
internal_value=-0.000501433 0.0232287 -0.0350939 0.000483092 0.0550725 -0.043662
internal_weight=8376 4968 3408 2898 2070 3124
internal_count=8376 4968 3408 2898 2070 3124
is_linear=0
shrinkage=0.1


Tree=2
num_leaves=7
num_cat=0
split_feature=2 3 3 3 2 0
split_gain=614.243 276.515 216.669 79.1032 77.6025 68.3341
threshold=0.20454453068330622 33.323550000000004 34.381450000000008 27.314700000000006 -0.62058661934845294 18.250000000000004
decision_type=2 2 2 2 2 2
left_child=1 5 3 -2 -3 -1
right_child=2 4 -4 -5 -6 -7
leaf_value=0.063300004422664632 -0.097600002340972422 0.091000002384185805 0.064349996030330661 -0.037599999956786631 0.041000002384185802 -0.0058999996185302777
leaf_weight=494 284 1050 284 2840 1020 2404
leaf_count=494 284 1050 284 2840 1020 2404
internal_value=0.000477555 0.0229066 -0.0322183 -0.0398207 0.0508213 0.00296756
internal_weight=8376 4968 3408 3124 2070 2898
internal_count=8376 4968 3408 3124 2070 2898
is_linear=0
shrinkage=0.1


Tree=3
num_leaves=7
num_cat=0
split_feature=2 3 3 2 0 2
split_gain=528.839 291.812 127.112 73.0343 71.4833 68.8538
threshold=0.45475513555610564 33.323550000000004 34.381450000000008 -0.60021428054836823 20.950000000000003 -0.62058661934845294
decision_type=2 2 2 2 2 2
left_child=1 3 -2 4 -1 -3
right_child=2 5 -4 -5 -6 -7
leaf_value=0.076969996827840809 -0.043840000110119577 0.081900002145767217 0.057914996427297596 -0.017839999722689386 0.0016899996280670183 0.036900002145767219
leaf_weight=364 2442 1050 222 1820 1148 1330
leaf_count=364 2442 1050 222 1820 1148 1330
internal_value=0.000382044 0.017542 -0.0364114 -0.00156062 0.0146825 0.0442857
internal_weight=8376 5712 2664 3332 1512 2380
internal_count=8376 5712 2664 3332 1512 2380
is_linear=0
shrinkage=0.1


Tree=4
num_leaves=7
num_cat=0
split_feature=2 3 1 3 2 3
split_gain=397.102 239.063 118.484 111.797 71.2245 63.7799
threshold=0.45475513555610564 34.121300000000012 0.72800098152115778 34.381450000000008 -0.60021428054836823 27.314700000000006
decision_type=2 2 2 2 2 2
left_child=1 4 -3 5 -1 -2
right_child=3 2 -4 -5 -6 -7
leaf_value=0.018220998342037199 -0.10345600090377033 0.083710004315376285 0.0065099981284141521 0.05212349678456784 -0.0068259998155385249 -0.033456000009700657
leaf_weight=1944 222 1002 426 222 2340 2220
leaf_count=1944 222 1002 426 222 2340 2220
internal_value=-2.38777e-05 0.0148459 0.0502801 -0.0319069 0.00303455 -0.0380835
internal_weight=8376 5712 1428 2664 4284 2442
internal_count=8376 5712 1428 2664 4284 2442
is_linear=0
shrinkage=0.1


Tree=5
num_leaves=7
num_cat=0
split_feature=2 3 3 0 3 3
split_gain=365.226 230.613 97.9264 77.8316 64.8531 57.7946
threshold=0.45475513555610564 33.323550000000004 34.381450000000008 30.050000000000004 29.585400000000003 27.314700000000006
decision_type=2 2 2 2 2 2
left_child=1 3 5 4 -1 -2
right_child=2 -3 -4 -5 -6 -7
leaf_value=0.016398898507833482 -0.093110400813393293 0.045859001891851429 0.046911147106111051 -0.020301098976850507 -0.022365099265992641 -0.030110400008730588
leaf_weight=1789 222 2380 222 799 744 2220
leaf_count=1789 222 2380 222 799 744 2220
internal_value=-0.00148042 0.0127801 -0.0320571 -0.00420168 0.00438216 -0.0378378
internal_weight=8376 5712 2664 3332 2533 2442
internal_count=8376 5712 2664 3332 2533 2442
is_linear=0
shrinkage=0.1


Tree=6
num_leaves=7
num_cat=0
split_feature=2 3 1 2 0 0
split_gain=358.997 212.256 120.172 75.6376 58.5867 53.3903
threshold=0.66012780149078465 34.121300000000012 0.72800098152115778 -0.60021428054836823 12.350000000000003 29.250000000000004
decision_type=2 2 2 2 2 2
left_child=1 3 -3 -1 -2 -5
right_child=4 2 -4 5 -6 -7
leaf_value=0.015811007460069661 -0.025439660200097788 0.070753103694653513 0.0012730981263875951 -0.005433299846874174 -0.043099360246276114 -0.03081329025220424
leaf_weight=1944 900 1086 516 2442 1068 420
leaf_count=1944 900 1086 516 2442 1068 420
internal_value=-0.000549188 0.0109238 0.0424469 0.000416146 -0.0379065 -0.00992313
internal_weight=8376 6408 1602 4806 1968 2862
internal_count=8376 6408 1602 4806 1968 2862
is_linear=0
shrinkage=0.1


Tree=7
num_leaves=7
num_cat=0
split_feature=2 3 1 3 2 0
split_gain=253.264 166.3 96.5432 68.9802 64.8797 46.0431
threshold=0.66012780149078465 34.121300000000012 0.72800098152115778 27.314700000000006 -0.62058661934845294 20.650000000000002
decision_type=2 2 2 2 2 2
left_child=1 4 -3 -2 5 -1
right_child=3 2 -4 -5 -6 -7
leaf_value=0.065649904614787105 -0.089489421131147662 0.063677793325188151 0.0011457883137488301 -0.028789424072636884 -0.0072399597000806061 0.0057208987776088743
leaf_weight=357 164 1086 516 1804 2916 1533
leaf_count=357 164 1086 516 1804 2916 1533
internal_value=0.000787966 0.0104245 0.0383271 -0.0305894 0.0011236 0.0155556
internal_weight=8376 6408 1602 1968 4806 1890
internal_count=8376 6408 1602 1968 4806 1890
is_linear=0
shrinkage=0.1


Tree=8
num_leaves=7
num_cat=0
split_feature=2 3 3 2 0 2
split_gain=203.491 153.052 66.5233 49.5131 44.9295 65.2484
threshold=0.71010885522459966 33.323550000000004 27.314700000000006 -0.66012780149078443 31.950000000000003 -0.53667642277345495
decision_type=2 2 2 2 2 2
left_child=1 4 -2 -3 5 -1
right_child=2 3 -4 -5 -6 -7
leaf_value=0.017664918636769767 -0.090540481402218695 0.057310013992669329 -0.0259104816653732 0.016810013992669372 -0.027007965256975755 -0.013537965010063513
leaf_weight=1373 148 990 1628 1760 377 2100
leaf_count=1373 148 990 1628 1760 377 2100
internal_value=-0.000358166 0.00772727 -0.0304054 0.0257455 -0.00514286 -0.00158365
internal_weight=8376 6600 1776 2750 3850 3473
internal_count=8376 6600 1776 2750 3850 3473
is_linear=0
shrinkage=0.1


Tree=9
num_leaves=7
num_cat=0
split_feature=2 3 1 3 2 0
split_gain=192.146 133.858 92.5818 67.6955 41.6702 43.067
threshold=0.71010885522459966 34.121300000000012 0.72800098152115778 27.314700000000006 -0.66012780149078443 21.850000000000005
decision_type=2 2 2 2 2 2
left_child=1 4 -3 -2 5 -1
right_child=3 2 -4 -5 -6 -7
leaf_value=0.055898424388906999 -0.081486433261996824 0.051579012593402411 -0.00064979191689298335 -0.023319433498835876 -0.005846975291445628 0.0008393297458839877
leaf_weight=431 148 1122 528 1628 3168 1351
leaf_count=431 148 1122 528 1628 3168 1351
internal_value=-0.000644699 0.00721212 0.0318788 -0.0298423 -0.0010101 0.0112233
internal_weight=8376 6600 1650 1776 4950 1782
internal_count=8376 6600 1650 1776 4950 1782
is_linear=0
shrinkage=0.1


Tree=10
num_leaves=7
num_cat=0
split_feature=2 3 1 3 2 0
split_gain=178.567 99.5564 69.5843 67.6955 38.5208 39.8156
threshold=0.71010885522459966 34.121300000000012 0.70403958523943977 27.314700000000006 -0.66012780149078443 20.550000000000004
decision_type=2 2 2 2 2 2
left_child=1 4 -3 -2 5 -1
right_child=3 2 -4 -5 -6 -7
leaf_value=0.060308584334202088 -0.073337789935797135 0.04972860948810634 -0.00058481272520368723 -0.020987490148952289 -0.0052622777623010653 0.0021926826560829727
leaf_weight=320 148 1098 552 1628 3168 1462
leaf_count=320 148 1098 552 1628 3168 1462
internal_value=-0.00169532 0.00587879 0.0271515 -0.0298423 -0.00121212 0.0105499
internal_weight=8376 6600 1650 1776 4950 1782
internal_count=8376 6600 1650 1776 4950 1782
is_linear=0
shrinkage=0.1


Tree=11
num_leaves=7
num_cat=0
split_feature=2 3 3 3 0 3
split_gain=130.208 101.081 75.9819 59.2029 51.0088 52.1181
threshold=0.11987677602567953 27.314700000000006 34.381450000000008 33.323550000000004 30.950000000000003 29.585400000000003
decision_type=2 2 2 2 2 2
left_child=3 -2 -3 4 5 -1
right_child=1 2 -4 -5 -6 -7
leaf_value=0.021528758268235429 -0.047678502098112391 -0.014051241327645082 0.032688673307343631 0.031448248001065736 -0.018026584417432431 -0.014569042926005766
leaf_weight=1555 304 3040 304 1970 567 636
leaf_count=1555 304 3040 304 1970 567 636
internal_value=-0.000334288 -0.0145285 -0.00950957 0.0106176 0.00116026 0.0080785
internal_weight=8376 3648 3344 4728 2758 2191
internal_count=8376 3648 3344 4728 2758 2191
is_linear=0
shrinkage=0.1


Tree=12
num_leaves=7
num_cat=0
split_feature=2 3 3 3 1 0
split_gain=100.28 100.48 66.3905 51.4182 52.2846 44.3151
threshold=0.11987677602567953 27.314700000000006 34.381450000000008 34.121300000000012 0.42389877423262928 31.250000000000004
decision_type=2 2 2 2 2 2
left_child=3 -2 -3 5 -5 -1
right_child=1 2 -4 4 -6 -7
leaf_value=0.008383249102585066 -0.042910651888301149 -0.012646117194880575 0.029419805976609273 0.048303416048401784 0.00081908715906728888 -0.016223925975689186
leaf_weight=2956 304 3040 304 744 438 590
leaf_count=2956 304 3040 304 744 438 590
internal_value=-0.000262655 -0.0127193 -0.00771531 0.00934856 0.0274112 0.00332769
internal_weight=8376 3648 3344 4728 1182 3546
internal_count=8376 3648 3344 4728 1182 3546
is_linear=0
shrinkage=0.1


Tree=13
num_leaves=7
num_cat=0
split_feature=2 3 3 3 2 0
split_gain=109.879 67.9685 60.3726 44.0207 39.1575 30.4586
threshold=-0.66012780149078443 27.314700000000006 34.121300000000012 34.381450000000008 0.20454453068330622 20.550000000000004
decision_type=2 2 2 2 2 2
left_child=2 4 5 -3 -2 -1
right_child=1 3 -4 -5 -6 -7
leaf_value=0.051286525163699838 -0.0149923268230734 -0.0062190051327928788 0.048221507332495063 0.023354881514639908 -0.042222326951670421 0.0050311076654119824
leaf_weight=320 216 5000 594 500 284 1462
leaf_count=320 216 5000 594 500 284 1462
internal_value=-0.000692455 -0.0079 0.0175084 -0.00469091 -0.0432 0.00830527
internal_weight=8376 6000 2376 5500 500 1782
internal_count=8376 6000 2376 5500 500 1782
is_linear=0
shrinkage=0.1


Tree=14
num_leaves=7
num_cat=0
split_feature=2 3 1 3 3 0
split_gain=90.7479 68.0002 51.4463 38.9505 37.2731 43.2395
threshold=0.87444874304365194 34.121300000000012 0.36075750887067765 34.180800000000012 27.314700000000006 21.850000000000005
decision_type=2 2 2 2 2 2
left_child=1 -1 3 -3 -2 -6
right_child=4 2 -4 -5 5 -7
leaf_value=-0.0024002674175223615 -0.072722867616780623 0.069794173379292238 -0.00064571487879417364 0.021100406531493639 -0.035597105811606487 0.014402895678509635
leaf_weight=5490 88 350 780 700 801 167
leaf_count=5490 88 350 780 700 801 167
internal_value=-0.00119389 0.00275956 0.0194536 0.0339048 -0.0285985 -0.0229339
internal_weight=8376 7320 1830 1050 1056 968
internal_count=8376 7320 1830 1050 1056 968
is_linear=0
shrinkage=0.1


Tree=15
num_leaves=7
num_cat=0
split_feature=2 3 3 0 3 3
split_gain=91.4375 54.7605 44.0413 36.1376 28.3 66.884
threshold=0.75674278485945501 33.323550000000004 27.314700000000006 22.550000000000004 33.910550000000008 34.121300000000012
decision_type=2 2 2 2 2 2
left_child=1 -1 -2 -4 -3 -6
right_child=2 4 3 -5 5 -7
leaf_value=-0.0034893265443855098 -0.048966706096693881 0.046835614465148862 -0.022037394336376165 0.012962606110658671 -0.021204387176810092 0.023463935239682356
leaf_weight=3962 132 566 1243 209 566 1698
leaf_count=3962 132 566 1243 209 566 1698
internal_value=-0.000334288 0.00471143 -0.0219697 -0.0169421 0.0153357 0.0103357
internal_weight=8376 6792 1584 1452 2830 2264
internal_count=8376 6792 1584 1452 2830 2264
is_linear=0
shrinkage=0.1


Tree=16
num_leaves=7
num_cat=0
split_feature=2 3 3 2 0 1
split_gain=71.165 59.4619 33.3308 32.1154 30.1959 29.0285
threshold=-0.83910684176851635 27.314700000000006 34.381450000000008 0.20454453068330622 32.250000000000007 -0.58637393129089832
decision_type=2 2 2 2 2 2
left_child=4 3 -3 -2 -1 -4
right_child=1 2 5 -5 -6 -7
leaf_value=0.029325112848414658 -0.012904134744575274 -0.0049193084487415733 0.032828409342564528 -0.033411134726202128 -0.0045156853445171286 0.0018818012494930094
leaf_weight=1419 280 5640 220 284 189 344
leaf_count=1419 280 5640 220 284 189 344
internal_value=0.000119389 -0.00437352 -0.00154739 -0.035461 0.0190299 0.0216312
internal_weight=8376 6768 6204 564 1608 564
internal_count=8376 6768 6204 564 1608 564
is_linear=0
shrinkage=0.1


Tree=17
num_leaves=7
num_cat=0
split_feature=2 3 0 3 3 1
split_gain=60.497 42.3787 29.7449 43.1484 44.0083 48.2494
threshold=0.75674278485945501 33.323550000000004 30.050000000000004 29.585400000000003 27.989000000000001 0.52941438753421288
decision_type=2 2 2 2 2 2
left_child=1 2 3 4 5 -1
right_child=-2 -3 -4 -5 -6 -7
leaf_value=0.015929980102423743 -0.017212793196534262 0.014645205919168892 -0.014064116214018969 -0.018994785640184229 0.037091283123796774 -0.013663836511771478
leaf_weight=1063 1584 2830 800 923 374 802
leaf_count=1063 1584 2830 800 923 374 802
internal_value=4.77555e-05 0.00415194 -0.00252398 0.00183428 0.00933452 0.0030563
internal_weight=8376 6792 3962 3162 2239 1865
internal_count=8376 6792 3962 3162 2239 1865
is_linear=0
shrinkage=0.1


Tree=18
num_leaves=7
num_cat=0
split_feature=2 3 0 3 3 0
split_gain=57.2504 44.0975 32.6463 22.4018 27 30.1264
threshold=-0.66012780149078443 27.314700000000006 32.250000000000007 34.381450000000008 29.585400000000003 29.350000000000005
decision_type=2 2 2 2 2 2
left_child=2 -2 -1 4 5 -3
right_child=1 3 -4 -5 -6 -7
leaf_value=0.020640258195317875 -0.026122132913781133 0.0068501694217401148 -0.012657704592617071 0.015483795357178276 -0.013132837059587231 -0.018008990035536444
leaf_weight=2105 500 1779 271 500 3000 221
leaf_count=2105 500 1779 271 500 3000 221
internal_value=-0.000764088 -0.00596667 0.0123737 -0.00338182 -0.0054 0.0036
internal_weight=8376 6000 2376 5500 5000 2000
internal_count=8376 6000 2376 5500 5000 2000
is_linear=0
shrinkage=0.1


Tree=19
num_leaves=7
num_cat=0
split_feature=2 3 3 3 1 3
split_gain=49.6157 35.8822 29.903 51.1672 45.3886 36.2743
threshold=0.87444874304365194 33.323550000000004 33.910550000000008 34.121300000000012 0.36075750887067765 34.180800000000012
decision_type=2 2 2 2 2 2
left_child=1 -1 -3 -4 5 -5
right_child=-2 2 3 4 -6 -7
leaf_value=-0.0026446218266821865 -0.018305461680384976 0.040067509988616364 -0.020297651655371809 0.061670025531816421 -0.0036086307837314814 0.013935415821460451
leaf_weight=4270 1056 610 610 350 780 700
leaf_count=4270 1056 610 610 350 780 700
internal_value=-0.000191022 0.00273224 0.0110164 0.00606557 0.0144262 0.028
internal_weight=8376 7320 3050 2440 1830 1050
internal_count=8376 7320 3050 2440 1830 1050
is_linear=0
shrinkage=0.1


Tree=20
num_leaves=7
num_cat=0
split_feature=2 3 1 0 2 3
split_gain=45.4218 32.4647 26.4017 36.1503 31.7861 24.9177
threshold=0.87444874304365194 33.323550000000004 0.37671401544963079 11.15 -0.6729242335534279 27.314700000000006
decision_type=2 2 2 2 2 2
left_child=1 -1 3 -3 -5 -2
right_child=5 2 -4 4 -6 -7
leaf_value=-0.0023801596440139686 -0.051048757993742915 0.055220737596788742 -0.00074519980090984126 0.036518475003129304 0.0013736257790701535 -0.01624258486883158
leaf_weight=4270 88 170 1290 710 880 968
leaf_count=4270 88 170 1290 710 880 968
internal_value=-0.000119389 0.0026776 0.0105574 0.0185227 0.0138365 -0.0195076
internal_weight=8376 7320 3050 1760 1590 1056
internal_count=8376 7320 3050 1760 1590 1056
is_linear=0
shrinkage=0.1


Tree=21
num_leaves=7
num_cat=0
split_feature=2 0 2 3 0 2
split_gain=43.7962 29.4817 29.4268 23.6365 19.8641 20.078
threshold=0.55824372202686467 32.350000000000001 -0.83910684176851635 27.314700000000006 26.350000000000005 -0.034326335927271065
decision_type=2 2 2 2 2 2
left_child=1 2 -1 -2 -4 -6
right_child=3 -3 4 -5 5 -7
leaf_value=0.021543714662337232 -0.025943877425997044 -0.010889455986285752 0.0058617684074241394 -0.0066166268810695459 -0.0016002319559964007 -0.019604144937102788
leaf_weight=1429 194 374 2969 2134 943 333
leaf_count=1429 194 374 2969 2134 943 333
internal_value=-0.000286533 0.00419974 0.00599225 -0.0119416 0.0018139 -0.00862069
internal_weight=8376 6048 5674 2328 4245 1276
internal_count=8376 6048 5674 2328 4245 1276
is_linear=0
shrinkage=0.1


Tree=22
num_leaves=7
num_cat=0
split_feature=2 3 3 3 2 0
split_gain=43.537 31.1155 22.0307 21.3636 19.267 31.1373
threshold=-0.83910684176851635 27.314700000000006 34.121300000000012 33.910550000000008 0.87444874304365194 22.150000000000002
decision_type=2 2 2 2 2 2
left_child=2 -2 3 -1 -3 -6
right_child=1 4 -4 -5 5 -7
leaf_value=0.013314288168006084 -0.02127665642446698 0.00087625112412676462 0.030712256036582654 -0.0223534874970167 -0.023956664587911139 0.017311006064974984
leaf_weight=1072 564 5236 402 134 809 159
leaf_count=1072 564 5236 402 134 809 159
internal_value=-0.000238777 -0.00375296 0.0145522 0.00779436 -0.00170858 -0.0146694
internal_weight=8376 6768 1608 1206 6204 968
internal_count=8376 6768 1608 1206 6204 968
is_linear=0
shrinkage=0.1


Tree=23
num_leaves=7
num_cat=0
split_feature=2 3 3 0 1 0
split_gain=36.8596 26.957 22.9532 38.9871 22.2363 33.9792
threshold=0.87444874304365194 33.323550000000004 29.585400000000003 30.950000000000003 0.36075750887067765 11.15
decision_type=2 2 2 2 2 2
left_child=1 2 3 -1 5 -3
right_child=-2 4 -4 -5 -6 -7
leaf_value=0.0071739795613118941 -0.013559297883183089 0.050272701412804134 -0.013622335417236739 -0.014375256269320081 -0.00063148595733455992 0.011308657708071402
leaf_weight=2633 1056 170 1220 417 1300 1580
leaf_count=2633 1056 170 1220 417 1300 1580
internal_value=-0.000716332 0.00180328 -0.00332553 0.00131148 0.00898361 0.0163429
internal_weight=8376 7320 4270 3050 3050 1750
internal_count=8376 7320 4270 3050 3050 1750
is_linear=0
shrinkage=0.1


Tree=24
num_leaves=7
num_cat=0
split_feature=2 3 0 1 3 3
split_gain=36.6014 19.3266 25.3825 27.0265 24.5017 21.7403
threshold=0.47751829461125783 33.323550000000004 17.450000000000003 0.39255950267913386 33.910550000000008 27.565550000000005
decision_type=2 2 2 2 2 2
left_child=1 2 3 -1 -3 -5
right_child=-2 4 -4 5 -6 -7
leaf_value=0.066424549985442408 -0.0084390974421142094 0.043555180317565396 -0.0041188963219421781 0.059383929262676133 0.0047524395526381217 -0.010628643617990308
leaf_weight=232 2592 482 2822 73 1928 247
leaf_count=232 2592 482 2822 73 1928 247
internal_value=-0.000310411 0.0041148 -0.000770599 0.0188406 0.0109544 0
internal_weight=8376 5784 3374 552 2410 320
internal_count=8376 5784 3374 552 2410 320
is_linear=0
shrinkage=0.1


Tree=25
num_leaves=7
num_cat=0
split_feature=2 3 2 0 3 3
split_gain=32.6352 21.6648 18.2517 27.2432 18.0369 21.7391
threshold=-0.83910684176851635 34.381450000000008 0.23802450821255497 17.550000000000004 27.314700000000006 29.585400000000003
decision_type=2 2 2 2 2 2
left_child=-1 2 3 -2 -4 -6
right_child=1 -3 4 -5 5 -7
leaf_value=0.015636275753228634 0.026050559913673978 0.010710990528475378 -0.021543363493071736 -0.0031169702400035805 0.0060778823933820879 -0.017632675696163735
leaf_weight=1608 671 564 276 2497 1104 1656
leaf_count=1608 671 564 276 2497 1104 1656
internal_value=-0.000119389 -0.00316194 -0.00486783 0.000441919 -0.0104084 -0.00797101
internal_weight=8376 6768 6204 3168 3036 2760
internal_count=8376 6768 6204 3168 3036 2760
is_linear=0
shrinkage=0.1


Tree=26
num_leaves=7
num_cat=0
split_feature=2 0 3 1 3 0
split_gain=23.5865 26.98 25.8255 24.1464 18.4748 17.0117
threshold=0.11987677602567953 32.350000000000001 34.381450000000008 0.36075750887067765 27.314700000000006 23.250000000000004
decision_type=2 2 2 2 2 2
left_child=1 3 4 -1 5 -2
right_child=2 -3 -4 -5 -6 -7
leaf_value=0.012193354949800506 0.0031323506487933696 -0.010846151520654419 0.013253787853641725 -0.0027468451611090683 -0.0058319201282864136 -0.02240617735964644
leaf_weight=2607 91 374 304 1747 3040 213
leaf_count=2607 91 374 304 1747 3040 213
internal_value=-0.000811843 0.00384941 -0.00685307 0.00606339 -0.00938995 -0.0328947
internal_weight=8376 4728 3648 4354 3344 304
internal_count=8376 4728 3648 4354 3344 304
is_linear=0
shrinkage=0.1


Tree=27
num_leaves=7
num_cat=0
split_feature=2 3 3 3 3 1
split_gain=31.2551 16.0761 14.6675 19.7463 19.7032 16.0327
threshold=-0.83910684176851635 27.314700000000006 34.121300000000012 34.381450000000008 33.910550000000008 0.36075750887067765
decision_type=2 2 2 2 2 2
left_child=2 -2 4 5 -1 -4
right_child=1 -3 3 -5 -6 -7
leaf_value=0.010238462439318131 -0.01609087878531246 -0.001384054428151313 0.063430549537478842 -0.0069266199592630919 -0.024172067931332555 -0.006834771987024868
leaf_weight=1072 564 6204 220 134 134 48
leaf_count=1072 564 6204 220 134 134 48
internal_value=-0.000716332 -0.00369385 0.0118159 0.0283582 0.00630182 0.0440299
internal_weight=8376 6768 1608 402 1206 268
internal_count=8376 6768 1608 402 1206 268
is_linear=0
shrinkage=0.1


Tree=28
num_leaves=7
num_cat=0
split_feature=2 3 3 3 3 0
split_gain=21.3653 16.4673 24.6151 29.9213 20.4299 32.4787
threshold=0.87444874304365194 33.323550000000004 33.910550000000008 34.121300000000012 29.585400000000003 29.850000000000005
decision_type=2 2 2 2 2 2
left_child=1 4 -3 -4 5 -1
right_child=-2 2 3 -5 -6 -7
leaf_value=0.0075665328986267502 -0.011679576960474926 0.028107907551381359 -0.018263354998012429 0.0080297848176260952 -0.010586467592305944 -0.010785382612520789
leaf_weight=2432 1056 610 610 1830 1220 618
leaf_count=2432 1056 610 610 1830 1220 618
internal_value=-0.000907354 0.00101093 0.00662295 0.00213115 -0.00299766 0.00137705
internal_weight=8376 7320 3050 2440 4270 3050
internal_count=8376 7320 3050 2440 4270 3050
is_linear=0
shrinkage=0.1


Tree=29
num_leaves=7
num_cat=0
split_feature=2 2 0 2 3 0
split_gain=28.5044 14.6911 14.8426 21.8547 12.3006 25.6756
threshold=-0.83910684176851635 0.87444874304365194 28.050000000000004 -0.11987677602567985 27.314700000000006 22.150000000000002
decision_type=2 2 2 2 2 2
left_child=-1 2 -2 -4 -3 -6
right_child=1 4 3 -5 5 -7
leaf_value=0.010384262592459129 0.0012822510831703383 -0.03184998961694193 -0.003285894621014071 -0.019354145508874876 -0.015708335875282656 0.019061511903360275
leaf_weight=1608 4646 88 790 276 809 159
leaf_count=1608 4646 88 790 276 809 159
internal_value=-0.00052531 -0.00336879 -0.00136555 -0.0120075 -0.0142045 -0.0109504
internal_weight=8376 6768 5712 1066 1056 968
internal_count=8376 6768 5712 1066 1056 968
is_linear=0
shrinkage=0.1


Tree=30
num_leaves=7
num_cat=0
split_feature=2 3 0 3 1 0
split_gain=18.7698 18.0625 16.7583 18.4519 17.0941 20.492
threshold=0.068612210320797354 34.381450000000008 32.350000000000001 27.989000000000001 0.36075750887067765 21.850000000000005
decision_type=2 2 2 2 2 2
left_child=2 -2 4 -4 5 -1
right_child=1 -3 3 -5 -6 -7
leaf_value=0.027123280039075288 -0.0054730965124179564 0.011331927131093928 -0.026959206981882568 0.0013197244227383554 -0.0032118584705014275 0.0037338078309868796
leaf_weight=776 3476 316 152 222 1675 1759
leaf_count=776 3476 316 152 222 1675 1759
internal_value=-0.000596944 -0.00580169 0.00370855 -0.0165775 0.00551069 0.0106903
internal_weight=8376 3792 4584 374 4210 2535
internal_count=8376 3792 4584 374 4210 2535
is_linear=0
shrinkage=0.1


Tree=31
num_leaves=7
num_cat=0
split_feature=2 0 3 3 3 0
split_gain=16.5301 14.4518 12.6035 13.7114 44.4513 19.0919
threshold=0.068612210320797354 28.350000000000005 34.381450000000008 29.585400000000003 27.74905 14.250000000000002
decision_type=2 2 2 2 2 2
left_child=-1 2 3 4 5 -2
right_child=1 -3 -4 -5 -6 -7
leaf_value=0.0026666575739651174 0.0059330989978554826 -0.016871421306745595 0.01019873441798454 -0.013341487762769123 0.01759033768152031 -0.015886337506892025
leaf_weight=4584 390 130 316 1873 557 526
leaf_count=4584 390 130 316 1873 557 526
internal_value=-0.000811843 -0.0056962 -0.00453304 -0.00633592 0.000882553 -0.0126638
internal_weight=8376 3792 3662 3346 1473 916
internal_count=8376 3792 3662 3346 1473 916
is_linear=0
shrinkage=0.1


Tree=32
num_leaves=7
num_cat=0
split_feature=2 3 3 0 1 3
split_gain=16.1144 17.6641 23.297 17.1448 16.7812 13.4455
threshold=0.87444874304365194 29.585400000000003 27.565550000000005 14.450000000000001 -0.21293867525431634 33.323550000000004
decision_type=2 2 2 2 2 2
left_child=5 2 -2 -3 -4 -1
right_child=1 3 4 -5 -6 -7
leaf_value=-0.0013281810522730198 -0.014604945338292872 -0.012256043860235682 -0.0040563637019092134 -0.040490075047710745 0.02144714234771905 0.0061396632998564462
leaf_weight=4270 176 477 102 139 162 3050
leaf_count=4270 176 477 102 139 162 3050
internal_value=-0.000573066 -0.0121212 0.00318182 -0.0230519 0.0219697 0.0010929
internal_weight=8376 1056 440 616 264 7320
internal_count=8376 1056 440 616 264 7320
is_linear=0
shrinkage=0.1


Tree=33
num_leaves=7
num_cat=0
split_feature=2 3 3 1 0 1
split_gain=14.1515 13.7985 19.7463 17.9924 16.3599 13.408
threshold=-0.83910684176851635 34.121300000000012 34.381450000000008 -0.068614738002134482 15.850000000000003 0.36075750887067765
decision_type=2 2 2 2 2 2
left_child=1 4 5 -4 -1 -3
right_child=-2 2 3 -5 -6 -7
leaf_value=0.061366054934659034 -0.0018075765592120764 0.0539920769722416 0.015670618464709362 -0.021668325179820782 0.0015655302221477152 -0.0085521457696629225
leaf_weight=31 6768 220 58 76 1175 48
leaf_count=31 6768 220 58 76 1175 48
internal_value=-0.000596944 0.00783582 0.0238806 -0.00746269 0.00248756 0.0395522
internal_weight=8376 1608 402 134 1206 268
internal_count=8376 1608 402 134 1206 268
is_linear=0
shrinkage=0.1


Tree=34
num_leaves=7
num_cat=0
split_feature=2 0 1 0 2 3
split_gain=10.539 11.6877 14.5104 22.2086 18.1582 12.2729
threshold=0.55824372202686467 23.950000000000003 0.40828930082137049 15.350000000000003 0.11987677602567953 33.323550000000004
decision_type=2 2 2 2 2 2
left_child=1 2 3 5 -5 -1
right_child=-2 -3 -4 4 -6 -7
leaf_value=0.098427183214590541 -0.0034699696757970844 -0.0012628279104487051 -0.0022958286923172866 0.0159681144567154 -0.01949953754244186 0.017487814878528175
leaf_weight=98 2328 2944 1554 995 303 154
leaf_count=98 2328 2944 1554 995 303 154
internal_value=-0.000811843 0.00138889 0.0056701 0.0125161 0.00724191 0.0396825
internal_weight=8376 6048 3104 1550 1298 252
internal_count=8376 6048 3104 1550 1298 252
is_linear=0
shrinkage=0.1


Tree=35
num_leaves=7
num_cat=0
split_feature=2 3 3 1 0 1
split_gain=10.3387 10.6402 16.5 16.4041 11.8913 10.957
threshold=0.87444874304365194 32.010400000000004 27.565550000000005 -0.21293867525431634 23.450000000000003 0.42389877423262928
decision_type=2 2 2 2 2 2
left_child=-1 2 4 -4 -2 -5
right_child=1 -3 3 5 -6 -7
leaf_value=0.00041596875674314911 -0.003707667112130374 -0.023965187149733412 -0.0031229727082173757 0.024326677878912698 -0.029540793327614959 -0.0356733245052731
leaf_weight=7320 134 528 136 200 42 15.999999999999998
leaf_count=7320 134 528 136 200 42 16
internal_value=-0.000787966 -0.0100379 0 0.0125 -0.025 0.0296296
internal_weight=8376 1056 528 352 176 216
internal_count=8376 1056 528 352 176 216
is_linear=0
shrinkage=0.1


Tree=36
num_leaves=7
num_cat=0
split_feature=2 3 3 1 0 2
split_gain=8.16912 12.1708 20.2037 9.33776 29.4147 27.1285
threshold=-0.99550911953113219 34.381450000000008 33.323550000000004 -0.31226905285971468 14.450000000000001 0.11987677602567953
decision_type=2 2 2 2 2 2
left_child=1 2 -1 4 -2 -6
right_child=3 -3 -4 -5 5 -7
leaf_value=0.0016581799794014697 0.022692830612232623 -0.04793940187564593 0.078215721516398801 -0.0035167930123725212 0.0046155041961196018 -0.0097616340614875476
leaf_weight=154 563 22 88 4608 1873 1068
leaf_count=154 563 22 88 4608 1873 1068
internal_value=-0.000644699 0.0166667 0.0231405 -0.00120809 0.00268265 -0.00132608
internal_weight=8376 264 242 8112 3504 2941
internal_count=8376 264 242 8112 3504 2941
is_linear=0
shrinkage=0.1


Tree=37
num_leaves=7
num_cat=0
split_feature=2 3 3 0 0 1
split_gain=8.71453 8.54556 21.4561 16.0259 14.9781 10.8913
threshold=0.87444874304365194 29.585400000000003 27.74905 14.450000000000001 23.450000000000003 -0.21293867525431634
decision_type=2 2 2 2 2 2
left_child=-1 2 4 -3 -2 -4
right_child=1 3 5 -5 -6 -7
leaf_value=0.00054769864894501643 -0.0020725276613359454 -0.0077544868345006072 -0.0018345120312468835 -0.033165114903228168 -0.025922792641160458 0.022245689392258679
leaf_weight=7320 222 477 68 139 42 108
leaf_count=7320 222 477 68 139 42 108
internal_value=-0.000787966 -0.0092803 0.00136364 -0.0168831 -0.0166667 0.0284091
internal_weight=8376 1056 440 616 264 176
internal_count=8376 1056 440 616 264 176
is_linear=0
shrinkage=0.1


Tree=38
num_leaves=7
num_cat=0
split_feature=2 3 3 1 0 0
split_gain=6.59764 11.6584 17.2615 7.97164 22.8436 19.3194
threshold=-0.99550911953113219 34.381450000000008 33.323550000000004 -0.31226905285971468 14.450000000000001 8.9500000000000011
decision_type=2 2 2 2 2 2
left_child=1 2 -1 4 -2 -5
right_child=3 -3 -4 5 -6 -7
leaf_value=0.0014375921165668245 0.020630800317142955 -0.043200231552975844 0.070339379499864421 -0.023704971925287879 -0.00081628803625670714 -0.00059411168428254169
leaf_weight=154 563 22 88 842 2941 3766
leaf_count=154 563 22 88 842 2941 3766
internal_value=-0.000405922 0.0151515 0.0214876 -0.000912229 0.00268265 -0.00364583
internal_weight=8376 264 242 8112 3504 4608
internal_count=8376 264 242 8112 3504 4608
is_linear=0
shrinkage=0.1


Tree=39
num_leaves=7
num_cat=0
split_feature=0 3 2 0 3 1
split_gain=6.0237 12.4697 8.34791 9.06644 7.68344 16.4548
threshold=32.350000000000001 32.010400000000004 -0.53667642277345495 13.850000000000003 27.314700000000006 -0.87025318080773884
decision_type=2 2 2 2 2 2
left_child=2 -2 3 -1 5 -4
right_child=1 -3 4 -5 -6 -7
leaf_value=0.0307009032653098 -0.017898744960638462 0.011005392317254815 0.0094369454733837076 0.005695150589136444 -0.00097213352625199622 -0.015683408543465428
leaf_weight=78 233 141 101 2454 5027 342
leaf_count=78 233 141 101 2454 5027 342
internal_value=-0.000429799 -0.0128342 0.000149963 0.00489731 -0.00204753 -0.0146727
internal_weight=8376 374 8002 2532 5470 443
internal_count=8376 374 8002 2532 5470 443
is_linear=0
shrinkage=0.1


end of trees

feature_importances:
latitude=100
doy_cos=63
raw_tmax_c=49
doy_sin=28

parameters:
[boosting: gbdt]
[objective: regression_l1]
[metric: l1]
[tree_learner: serial]
[device_type: cpu]
[data_sample_strategy: bagging]
[data: ]
[valid: ]
[num_iterations: 40]
[learning_rate: 0.1]
[num_leaves: 7]
[num_threads: 1]
[seed: 17]
[deterministic: 1]
[force_col_wise: 1]
[force_row_wise: 0]
[histogram_pool_size: -1]
[max_depth: -1]
[min_data_in_leaf: 1]
[min_sum_hessian_in_leaf: 0.001]
[bagging_fraction: 1]
[pos_bagging_fraction: 1]
[neg_bagging_fraction: 1]
[bagging_freq: 0]
[bagging_seed: 26602]
[bagging_by_query: 0]
[feature_fraction: 1]
[feature_fraction_bynode: 1]
[feature_fraction_seed: 18297]
[extra_trees: 0]
[extra_seed: 13015]
[early_stopping_round: 0]
[early_stopping_min_delta: 0]
[first_metric_only: 0]
[max_delta_step: 0]
[lambda_l1: 0]
[lambda_l2: 0]
[linear_lambda: 0]
[min_gain_to_split: 0]
[drop_rate: 0.1]
[max_drop: 50]
[skip_drop: 0.5]
[xgboost_dart_mode: 0]
[uniform_drop: 0]
[drop_seed: 30017]
[top_rate: 0.2]
[other_rate: 0.1]
[min_data_per_group: 100]
[max_cat_threshold: 32]
[cat_l2: 10]
[cat_smooth: 10]
[max_cat_to_onehot: 4]
[top_k: 20]
[monotone_constraints: ]
[monotone_constraints_method: basic]
[monotone_penalty: 0]
[feature_contri: ]
[forcedsplits_filename: ]
[refit_decay_rate: 0.9]
[cegb_tradeoff: 1]
[cegb_penalty_split: 0]
[cegb_penalty_feature_lazy: ]
[cegb_penalty_feature_coupled: ]
[path_smooth: 0]
[interaction_constraints: ]
[verbosity: -1]
[saved_feature_importance_type: 0]
[use_quantized_grad: 0]
[num_grad_quant_bins: 4]
[quant_train_renew_leaf: 0]
[stochastic_rounding: 1]
[linear_tree: 0]
[max_bin: 255]
[max_bin_by_feature: ]
[min_data_in_bin: 3]
[bin_construct_sample_cnt: 200000]
[data_random_seed: 94]
[is_enable_sparse: 1]
[enable_bundle: 1]
[use_missing: 1]
[zero_as_missing: 0]
[feature_pre_filter: 1]
[pre_partition: 0]
[two_round: 0]
[header: 0]
[label_column: ]
[weight_column: ]
[group_column: ]
[ignore_column: ]
[categorical_feature: ]
[forcedbins_filename: ]
[precise_float_parser: 0]
[parser_config_file: ]
[objective_seed: 20363]
[num_class: 1]
[is_unbalance: 0]
[scale_pos_weight: 1]
[sigmoid: 1]
[boost_from_average: 1]
[reg_sqrt: 0]
[alpha: 0.9]
[fair_c: 1]
[poisson_max_delta_step: 0.7]
[tweedie_variance_power: 1.5]
[lambdarank_truncation_level: 30]
[lambdarank_norm: 1]
[label_gain: ]
[lambdarank_position_bias_regularization: 0]
[eval_at: ]
[multi_error_top_k: 1]
[auc_mu_weights: ]
[num_machines: 1]
[local_listen_port: 12400]
[time_out: 120]
[machine_list_filename: ]
[machines: ]
[gpu_platform_id: -1]
[gpu_device_id: -1]
[gpu_device_id_list: ]
[gpu_use_dp: 0]
[num_gpu: 1]

end of parameters

pandas_categorical:null
