tree
version=v4
num_class=1
num_tree_per_iteration=1
label_index=0
max_feature_idx=3
objective=regression_l1
feature_names=raw_tmax_c doy_sin doy_cos latitude
feature_infos=[12.800000000000001:48.5] [-0.9999631612477099:0.9999631612477099] [-1:1] [9.9252000000000002:32.726599999999998]
tree_sizes=770 776 800 802 801 800 800 799 790 804 803 800 799 803 800 791 797 807 801 800 799 803 799 797 793 794 803 806 802 800 801 800 804 798 799 798 803 793 809 791

Tree=0
num_leaves=7
num_cat=0
split_feature=2 1 1 0 3 3
split_gain=5060.05 1250.94 593.878 391.097 261.259 221.912
threshold=0.10281720934011641 -0.042903177641794764 -0.60705757442910058 30.450000000000003 23.283600000000003 23.325700000000005
decision_type=2 2 2 2 2 2
left_child=2 4 3 -1 -2 -3
right_child=1 5 -4 -5 -6 -7
leaf_value=0.32000001072883605 0.28000001087784765 0.30000001192092896 0.33000001311302185 0.29000001102685929 0.26000001057982447 0.29000001102685929
leaf_weight=5266 6972 6106 29648 7596 11122 9372
leaf_count=5266 6972 6106 29648 7596 11122 9372
internal_value=0.298277 0.269257 0.321195 0.30325 0.251404 0.290128
internal_weight=76082 33572 42510 12862 18094 15478
internal_count=76082 33572 42510 12862 18094 15478
is_linear=0
shrinkage=1


Tree=1
num_leaves=7
num_cat=0
split_feature=2 1 1 3 0 3
split_gain=3613.02 957.778 464.635 291.765 246.896 214.281
threshold=0.22131713103510547 -0.077172619078914581 -0.84374447618434878 23.283600000000003 18.650000000000002 23.325700000000005
decision_type=2 2 2 2 2 2
left_child=2 3 -1 -2 -3 -6
right_child=1 4 -4 -5 5 -7
leaf_value=-0.0019999998807907096 -0.018000000938773155 0.031000001281499864 0.016999998688697816 -0.036000001206994058 0 -0.01900000095367432
leaf_weight=10028 6216 771 35534 9916 5676 7941
leaf_count=10028 6216 771 35534 9916 5676 7941
internal_value=-0.00113956 -0.0277654 0.0166959 -0.0444954 -0.00900751 -0.0121246
internal_weight=76082 30520 45562 16132 14388 13617
internal_count=76082 30520 45562 16132 14388 13617
is_linear=0
shrinkage=0.1


Tree=2
num_leaves=7
num_cat=0
split_feature=2 1 1 0 3 3
split_gain=3571.65 992.121 404.111 371.471 297.109 271.732
threshold=0.051476858357251264 -0.042903177641794764 -0.085730500155694681 30.950000000000003 20.803700000000003 23.638350000000006
decision_type=2 2 2 2 2 2
left_child=2 4 3 5 -2 -1
right_child=1 -3 -4 -5 -6 -7
leaf_value=0.0081999995112419129 -0.0062000006958842285 -0.007100000709295274 0.025300001204013822 -0.0046999999880790733 -0.026200000993907454 0.04530000001192093
leaf_weight=5654 3956 16132 21800 10385 14792 3363
leaf_count=5654 3956 16132 21800 10385 14792 3363
internal_value=-0.0019847 -0.0255333 0.0179506 0.00745284 -0.0411777 0.0223023
internal_weight=76082 34880 41202 19402 18748 9017
internal_count=76082 34880 41202 19402 18748 9017
is_linear=0
shrinkage=0.1


Tree=3
num_leaves=7
num_cat=0
split_feature=2 1 1 0 3 1
split_gain=2707.48 817.883 406.733 378.163 244.65 220.26
threshold=0.10281720934011641 -0.042903177641794764 -0.085730500155694681 30.450000000000003 23.325700000000005 -0.87025318080773884
decision_type=2 2 2 2 2 2
left_child=2 5 3 -1 -3 -2
right_child=1 4 -4 -5 -6 -7
leaf_value=0.023670001298189164 -0.013180000821501021 0.00071000007092952844 0.022770001083612441 -0.0042299999892711658 -0.011390000861883166 -0.02978000098690391
leaf_weight=7861 5232 6106 22454 12195 9372 12862
leaf_count=7861 5232 6106 22454 12195 9372 12862
internal_value=0.000436371 -0.0207911 0.0172007 0.00685082 -0.00391523 -0.0352271
internal_weight=76082 33572 42510 20056 15478 18094
internal_count=76082 33572 42510 20056 15478 18094
is_linear=0
shrinkage=0.1


Tree=4
num_leaves=7
num_cat=0
split_feature=2 1 1 0 1 3
split_gain=2793.93 796.391 371.216 287.188 261.35 252.19
threshold=0.051476858357251264 -0.042903177641794764 -0.085730500155694681 29.650000000000002 -0.87025318080773884 23.325700000000005
decision_type=2 2 2 2 2 2
left_child=2 4 3 -1 -2 -3
right_child=1 5 -4 -5 -6 -7
leaf_value=0.025013001218438149 -0.0084620006067305797 0.00063900006383657559 0.020493000975251197 0.00019300021827220459 -0.02680200088821352 -0.010251000775694847
leaf_weight=5478 5886 6364 21800 13924 12862 9768
leaf_count=5478 5886 6364 21800 13924 12862 9768
internal_value=0.000707132 -0.0201204 0.0183389 0.0082775 -0.034137 -0.0038309
internal_weight=76082 34880 41202 19402 18748 16132
internal_count=76082 34880 41202 19402 18748 16132
is_linear=0
shrinkage=0.1


Tree=5
num_leaves=7
num_cat=0
split_feature=2 1 0 3 1 3
split_gain=1647.83 587.994 347.634 457.457 296.292 227.757
threshold=-0.060048958514948368 0.71612580616132593 18.650000000000002 23.283600000000003 -0.87025318080773884 16.945600000000002
decision_type=2 2 2 2 2 2
left_child=-1 2 -2 -4 -5 -3
right_child=1 5 3 4 -6 -7
leaf_value=0.011283698762357242 0.025878199945665897 0.030575101249545811 -0.0094249008366167567 -0.0076158005460575219 -0.024121800799392162 -0.0015563009104132665
leaf_weight=38368 881 1078 10416 4422 11313 9604
leaf_count=38368 881 1078 10416 4422 11313 9604
internal_value=-0.00129334 -0.0161372 -0.0239864 -0.0260678 -0.0368287 0.00372589
internal_weight=76082 37714 27032 26151 15735 10682
internal_count=76082 37714 27032 26151 15735 10682
is_linear=0
shrinkage=0.1


Tree=6
num_leaves=7
num_cat=0
split_feature=2 3 0 1 0 1
split_gain=1578.65 524.453 432.334 421.399 345.006 240.654
threshold=0.49252992309759819 23.283600000000003 20.450000000000003 -0.60705757442910058 30.450000000000003 0.70403958523943977
decision_type=2 2 2 2 2 2
left_child=3 -2 -3 4 -1 -4
right_child=1 2 5 -5 -6 -7
leaf_value=0.0095266905240610281 -0.008482410752955083 0.0081862804994009466 -0.021813720692691951 0.015045328919500112 -0.0090546707169115621 -0.0040702703835666159
leaf_weight=7500 8904 2003 10104 34880 10594 2097
leaf_count=7500 8904 2003 10104 34880 10594 2097
internal_value=-0.00218186 -0.0239917 -0.0359195 0.0073319 -0.0050514 -0.0429883
internal_weight=76082 23108 14204 52974 18094 12201
internal_count=76082 23108 14204 52974 18094 12201
is_linear=0
shrinkage=0.1


Tree=7
num_leaves=7
num_cat=0
split_feature=2 1 3 1 0 3
split_gain=1173.18 336.33 189.867 187.18 209.094 179.92
threshold=-0.060048958514948368 -0.17927415433127133 23.936050000000005 -0.55822315702467107 29.550000000000004 19.293850000000003
decision_type=2 2 2 2 2 2
left_child=3 5 -3 4 -1 -2
right_child=1 2 -4 -5 -6 -7
leaf_value=0.020430662167952508 0.0018689307201731232 0.002365831216410097 -0.009632348474411143 0.015810798109540343 -0.0064592027803570045 -0.017806889692869487
leaf_weight=3393 2520 8366 11036 26596 8379 15792
leaf_count=3393 2520 8366 11036 26596 8379 15792
internal_value=-0.000504719 -0.0130296 -0.00385527 0.0118067 0.00130819 -0.0227501
internal_weight=76082 37714 19402 38368 11772 18312
internal_count=76082 37714 19402 38368 11772 18312
is_linear=0
shrinkage=0.1


Tree=8
num_leaves=7
num_cat=0
split_feature=2 3 3 0 1 0
split_gain=1183.43 293.892 252.358 251.008 246.158 220.803
threshold=0.22131713103510547 23.817250000000005 10.903650000000001 18.650000000000002 -0.83440738405450643 31.350000000000005
decision_type=2 2 2 2 2 2
left_child=2 -2 -1 -3 -4 -6
right_child=1 3 4 -5 5 -7
leaf_value=0.0642297182985863 -0.004350380429749218 0.023843713809523243 -0.0044785647450919785 -0.017747559680896804 0.026487592517929717 0.0042297159144005173
leaf_weight=836 12880 908 10058 16732 9905 24763
leaf_count=836 12880 908 10058 16732 9905 24763
internal_value=-4.99461e-05 -0.0152883 0.0101576 -0.0236735 0.0091401 0.013136
internal_weight=76082 30520 45562 17640 44726 34668
internal_count=76082 30520 45562 17640 44726 34668
is_linear=0
shrinkage=0.1


Tree=9
num_leaves=7
num_cat=0
split_feature=2 1 1 1 0 3
split_gain=1080.93 312.121 193.471 177.981 208.232 319.49
threshold=-0.060048958514948368 -0.17927415433127133 -0.83440738405450643 0.40828930082137049 31.650000000000002 23.638350000000006
decision_type=2 2 2 2 2 2
left_child=3 2 -2 4 5 -1
right_child=1 -3 -4 -5 -6 -7
leaf_value=0.0016545740514620655 -0.0042514446064812446 -0.0023649404553208911 -0.015972803712807123 0.013806746707146256 -0.006193255080993088 0.030173747270588958
leaf_weight=7419 8066 19402 10246 13734 11973 5242
leaf_count=7419 8066 19402 10246 13734 11973 5242
internal_value=-4.20599e-05 -0.0120645 -0.0214286 0.0117754 0.00668994 0.0156307
internal_weight=76082 37714 18312 38368 24634 12661
internal_count=76082 37714 18312 38368 24634 12661
is_linear=0
shrinkage=0.1


Tree=10
num_leaves=7
num_cat=0
split_feature=2 1 1 0 3 1
split_gain=1007.08 312.121 211.794 198.112 229.264 193.471
threshold=-0.060048958514948368 -0.17927415433127133 0.40828930082137049 30.750000000000004 24.509100000000004 -0.83440738405450643
decision_type=2 2 2 2 2 2
left_child=2 5 3 4 -1 -2
right_child=1 -3 -4 -5 -6 -7
leaf_value=0.0053790620022525666 -0.0038263001458331198 -0.0021284464097888036 0.01242607203643163 -0.0044566729090162798 0.042282443891764609 -0.014375523341526409
leaf_weight=6731 8066 19402 13734 15110 2793 10246
leaf_count=6731 8066 19402 13734 15110 2793 10246
internal_value=-0.00046003 -0.0120645 0.0109466 0.00539904 0.0166947 -0.0214286
internal_weight=76082 37714 38368 24634 9524 18312
internal_count=76082 37714 38368 24634 9524 18312
is_linear=0
shrinkage=0.1


Tree=11
num_leaves=7
num_cat=0
split_feature=2 1 1 3 3 0
split_gain=1001.89 311.299 225.847 184.302 182.381 147.883
threshold=0.22131713103510547 -0.19613531578169993 -0.71612580616132582 20.803700000000003 30.649300000000004 30.250000000000004
decision_type=2 2 2 2 2 2
left_child=2 3 -1 -2 -5 -4
right_child=1 -3 5 4 -6 -7
leaf_value=-0.0019801590451988152 -0.0028805097111432643 -0.0026339917423090636 0.031793335235619315 -0.012937971007373768 0.018414467035928733 0.0048717371219614064
leaf_weight=12644 3082 15914 5767 10988 536 27151
leaf_count=12644 3082 15914 5767 10988 536 27151
internal_value=-0.000467916 -0.0144889 0.0089241 -0.0250308 -0.03084 0.0132876
internal_weight=76082 30520 45562 14606 11524 32918
internal_count=76082 30520 45562 14606 11524 32918
is_linear=0
shrinkage=0.1


Tree=12
num_leaves=7
num_cat=0
split_feature=2 3 0 1 2 3
split_gain=840.297 369.525 325.159 215.897 191.234 189.267
threshold=0.22131713103510547 23.283600000000003 20.450000000000003 -0.46238297290351499 0.74541039586774327 23.179450000000003
decision_type=2 2 2 2 2 2
left_child=3 5 -3 -1 -4 -2
right_child=1 2 4 -5 -6 -7
leaf_value=-0.0013291173871920747 -0.0025924587400289385 0.010818381125733523 -0.010212514817948899 0.010696291120592323 -0.021644174055648002 0.022891319463839162
leaf_weight=16568 11200 2045 9546 28994 7169 560
leaf_count=16568 11200 2045 9546 28994 7169 560
internal_value=-0.00029179 -0.0131324 -0.0218443 0.00830956 -0.0264493 0.000765306
internal_weight=76082 30520 18760 45562 16715 11760
internal_count=76082 30520 18760 45562 16715 11760
is_linear=0
shrinkage=0.1


Tree=13
num_leaves=7
num_cat=0
split_feature=2 3 1 0 1 0
split_gain=487.238 293.518 172.46 169.222 172.115 117.055
threshold=0.49252992309759819 10.903650000000001 -0.22967928072195901 29.850000000000005 -0.55822315702467107 18.150000000000002
decision_type=2 2 2 2 2 2
left_child=1 -1 -2 -3 -5 -4
right_child=2 3 5 4 -6 -7
leaf_value=0.056546036890341593 -0.010622922424841502 0.014708710960535699 0.025577416558187828 -0.0063659981337112707 0.0053277768418061311 -0.0056131024446666421
leaf_weight=972 10464 11509 691 12558 27935 11953
leaf_count=972 10464 11509 691 12558 27935 11953
internal_value=-0.000883258 0.00440216 -0.0129998 0.00338449 0.000343269 -0.00514078
internal_weight=76082 52974 23108 52002 40493 12644
internal_count=76082 52974 23108 52002 40493 12644
is_linear=0
shrinkage=0.1


Tree=14
num_leaves=7
num_cat=0
split_feature=2 3 0 1 3 0
split_gain=381.176 362.905 141.233 187.262 154.252 118.699
threshold=-0.44707732260762351 11.966650000000001 39.650000000000013 0.71612580616132593 29.650350000000003 19.650000000000002
decision_type=2 2 2 2 2 2
left_child=-1 -2 3 4 5 -3
right_child=1 2 -4 -5 -6 -7
leaf_value=0.0090938843243524754 0.027005964676700925 0.013019672518183251 -0.020906116867740424 0.0023092180891796043 0.0066940488903461633 -0.0084174642585874409
leaf_weight=28122 1320 943 1254 14013 2368 28062
leaf_count=28122 1320 943 1254 14013 2368 28062
internal_value=-0.000680844 -0.00610092 -0.00756432 -0.00664963 -0.0109425 -0.012946
internal_weight=76082 47960 46640 45386 31373 29005
internal_count=76082 47960 46640 45386 31373 29005
is_linear=0
shrinkage=0.1


Tree=15
num_leaves=7
num_cat=0
split_feature=2 3 0 3 3 0
split_gain=361.075 258.473 159.098 172.331 167.108 145.86
threshold=0.66012780149078465 11.966650000000001 18.150000000000002 23.283600000000003 23.179450000000003 29.650000000000002
decision_type=2 2 2 2 2 2
left_child=1 -1 -2 4 -4 -3
right_child=2 5 3 -5 -6 -7
leaf_value=0.036275103082844588 0.021717707650550717 0.0082422539300992439 -0.0050606743512554902 -0.012614145871259875 0.030028194588390251 -0.00039723092066783487
leaf_weight=1602 696 13306 6560 10292 328 43298
leaf_count=1602 696 13306 6560 10292 328 43298
internal_value=-0.0011067 0.00271106 -0.0135377 -0.0154366 -0.00319396 0.00158999
internal_weight=76082 58206 17876 17180 6888 56604
internal_count=76082 58206 17876 17180 6888 56604
is_linear=0
shrinkage=0.1


Tree=16
num_leaves=7
num_cat=0
split_feature=2 3 0 3 3 2
split_gain=314.357 221.126 150.838 228.482 152.055 145.395
threshold=0.66012780149078465 11.966650000000001 20.450000000000003 23.283600000000003 28.621200000000005 -0.53667642277345495
decision_type=2 2 2 2 2 2
left_child=1 -1 -2 -4 -5 -3
right_child=2 5 3 4 -6 -7
leaf_value=0.032647592774560134 0.0095459345013098554 0.0082242189839840107 -0.001890688803861862 -0.016314303394614323 0.0025425309796389931 -0.0010973167766844983
leaf_weight=1602 1972 24804 6874 7764 1266 31800
leaf_count=1602 1972 24804 6874 7764 1266 31800
internal_value=-0.000998922 0.00256331 -0.0125979 -0.0158325 -0.0262901 0.00152639
internal_weight=76082 58206 17876 15904 9030 56604
internal_count=76082 58206 17876 15904 9030 56604
is_linear=0
shrinkage=0.1


Tree=17
num_leaves=7
num_cat=0
split_feature=3 2 1 0 3 1
split_gain=245.926 261.774 108.568 197.619 200.415 107.031
threshold=11.966650000000001 -0.44707732260762351 -0.085730500155694681 31.750000000000004 23.638350000000006 -0.17927415433127133
decision_type=2 2 2 2 2 2
left_child=-1 2 3 4 -2 -3
right_child=1 5 -4 -5 -6 -7
leaf_value=0.022167798101778845 -0.0050277354240029441 -0.005826038829911187 0.011090071758944343 -0.010171011415445342 0.023517465780101013 -0.00086446671943075102
leaf_weight=2094 4219 22896 14840 4891 3398 23744
leaf_count=2094 4219 22896 14840 4891 3398 23744
internal_value=-0.000843826 -0.00180029 0.00596753 -0.000895427 0.00917684 -0.00635506
internal_weight=76082 73988 27348 12508 7617 46640
internal_count=76082 73988 27348 12508 7617 46640
is_linear=0
shrinkage=0.1


Tree=18
num_leaves=7
num_cat=0
split_feature=2 3 0 1 1 3
split_gain=211.586 174.547 151.926 195.079 130.817 176.181
threshold=0.66012780149078465 10.903650000000001 29.650000000000002 0.40828930082137049 0.843744476184349 17.522450000000003
decision_type=2 2 2 2 2 2
left_child=1 -1 -3 -4 -5 -6
right_child=-2 2 3 4 5 -7
leaf_value=0.03828793404475074 -0.0058815833020748115 0.0079276715613572756 -0.0042671913769167791 0.016292786333412492 0.0220182414615257 -0.00090113842707297833
leaf_weight=1068 17876 13512 24200 7619 1318 10489
leaf_count=1068 17876 13512 24200 7619 1318 10489
internal_value=-0.00140375 0.00151874 0.000770065 -0.00209967 0.00536395 -0.00122809
internal_weight=76082 58206 57138 43626 19426 11807
internal_count=76082 58206 57138 43626 19426 11807
is_linear=0
shrinkage=0.1


Tree=19
num_leaves=7
num_cat=0
split_feature=2 3 3 1 3 0
split_gain=297.943 202.169 124.332 116.473 106.287 132.573
threshold=-0.53667642277345495 20.803700000000003 30.649300000000004 0.58637393129089799 22.081400000000006 31.350000000000005
decision_type=2 2 2 2 2 2
left_child=4 3 -3 -2 -1 -6
right_child=1 2 -4 -5 5 -7
leaf_value=-0.0035863627281695234 -0.0005308577102770759 -0.0046552766167125871 0.012094465676301345 0.014453872306961275 0.025772149826475767 0.0019579993745765635
leaf_weight=7488 6624 38048 1856 4048 4948 13070
leaf_count=7488 6624 38048 1856 4048 4948 13070
internal_value=-0.000641413 -0.00508542 -0.00835505 0.00714018 0.00817063 0.0123321
internal_weight=76082 50576 39904 10672 25506 18018
internal_count=76082 50576 39904 10672 25506 18018
is_linear=0
shrinkage=0.1


Tree=20
num_leaves=7
num_cat=0
split_feature=2 1 3 3 3 0
split_gain=240.884 149.24 126.094 115.462 134.058 112.049
threshold=0.59330490695953164 -0.22967928072195901 10.903650000000001 28.594600000000003 22.762100000000004 29.350000000000005
decision_type=2 2 2 2 2 2
left_child=2 3 -1 4 -2 -4
right_child=1 -3 5 -5 -6 -7
leaf_value=0.034483463121068647 -0.0032683274564457828 -0.0017223050932985264 0.0096689011903050692 0.0050677336803148622 -0.013046583180283032 6.8090614779103839e-05
leaf_weight=1028 2870 11118 10787 1148 4920 44211
leaf_count=1028 2870 11118 10787 1148 4920 44211
internal_value=-0.000128808 -0.00953331 0.00323778 -0.0191542 -0.0235173 0.00258919
internal_weight=76082 20056 56026 8938 7790 54998
internal_count=76082 20056 56026 8938 7790 54998
is_linear=0
shrinkage=0.1


Tree=21
num_leaves=7
num_cat=0
split_feature=2 3 3 3 3 1
split_gain=239.195 170.514 101.358 186.791 177.932 122.821
threshold=-0.53667642277345495 11.966650000000001 25.464200000000002 25.294400000000003 26.288350000000005 0.57238288608965349
decision_type=2 2 2 2 2 2
left_child=-1 -2 3 5 -4 -3
right_child=1 2 4 -5 -6 -7
leaf_value=0.0044609022774143694 0.015500739146797638 -0.0037873436788594915 -0.012563663969605843 0.020203836775752222 -0.0022262264555271251 0.0038669148199558081
leaf_weight=25506 1392 15730 5568 1392 16704 9790
leaf_count=25506 1392 15730 5568 1392 16704 9790
internal_value=-0.000360138 -0.00434198 -0.0053188 -0.00118906 -0.0103089 -0.0031348
internal_weight=76082 50576 49184 26912 22272 25520
internal_count=76082 50576 49184 26912 22272 25520
is_linear=0
shrinkage=0.1


Tree=22
num_leaves=7
num_cat=0
split_feature=2 1 3 3 3 0
split_gain=160.231 113.729 136.006 149.602 109.925 124.674
threshold=0.56532384738233976 -0.19613531578169993 20.803700000000003 28.594600000000003 10.903650000000001 30.450000000000003
decision_type=2 2 2 2 2 2
left_child=4 2 -2 -4 -1 -6
right_child=1 -3 3 -5 5 -7
leaf_value=0.030589026581220348 0.00022779517428115904 -0.0010962823638753893 -0.011519302216702014 0.0047835829578360889 0.007108578267969479 -0.00038480867444024014
leaf_weight=1012 2070 11118 6480 1260 15784 38358
leaf_count=1012 2070 11118 6480 1260 15784 38358
internal_value=-0.00109356 -0.00854358 -0.0163914 -0.0224806 0.00173333 0.00112297
internal_weight=76082 20928 9810 7740 55154 54142
internal_count=76082 20928 9810 7740 55154 54142
is_linear=0
shrinkage=0.1


Tree=23
num_leaves=7
num_cat=0
split_feature=1 3 3 3 2 0
split_gain=141.391 117.735 117.273 107.724 100.388 160.704
threshold=-0.14539831731376843 27.665250000000004 28.621200000000005 28.757050000000003 0.5510813381777947 27.150000000000002
decision_type=2 2 2 2 2 2
left_child=4 -2 -3 -4 5 -1
right_child=1 2 3 -5 -6 -7
leaf_value=0.026745855052613315 0.0046077291273915579 -0.017972587065353145 0.029908798720917309 -0.0019651229425303842 -0.0076684017423900158 -0.0023025603075974956
leaf_weight=1987 32208 2928 732 4026 10682 23519
leaf_count=1987 32208 2928 732 4026 10682 23519
internal_value=-0.00107778 0.00302802 -0.00809264 0.00159731 -0.00560407 -0.00219556
internal_weight=76082 39894 7686 4758 36188 25506
internal_count=76082 39894 7686 4758 36188 25506
is_linear=0
shrinkage=0.1


Tree=24
num_leaves=7
num_cat=0
split_feature=3 2 1 0 3 0
split_gain=107.177 94.305 165.074 172.261 191.516 91.9544
threshold=11.966650000000001 -0.53667642277345495 0.43938332272944891 32.750000000000007 24.700950000000002 28.550000000000004
decision_type=2 2 2 2 2 2
left_child=-1 2 3 4 5 -2
right_child=1 -3 -4 -5 -6 -7
leaf_value=0.013809325499852337 0.014709709464358511 -0.002145686307852768 0.014146952638373712 -0.010108773129095285 0.017477300494509945 -0.010389064963337869
leaf_weight=2094 2263 49184 6784 6567 4845 4345
leaf_count=2094 2263 49184 6784 6567 4845 4345
internal_value=-0.000533635 -0.00116505 0.00386228 -0.00114317 0.00626037 -0.00481235
internal_weight=76082 73988 24804 18020 11453 6608
internal_count=76082 73988 24804 18020 11453 6608
is_linear=0
shrinkage=0.1


Tree=25
num_leaves=7
num_cat=0
split_feature=2 3 3 3 3 3
split_gain=121.428 119.167 164.609 125.288 275.129 124.728
threshold=-0.44707732260762351 20.803700000000003 21.892100000000003 21.240000000000006 21.135500000000004 22.762100000000004
decision_type=2 2 2 2 2 2
left_child=-1 -2 3 4 -3 -4
right_child=1 2 5 -5 -6 -7
leaf_value=0.0027322609508150242 0.0037448447644213181 -0.012859848464645352 0.016391333837116499 -0.030946720582654554 0.051550724827442121 -0.0027629624692384058
leaf_weight=28122 10120 1760 1760 1320 440 32560
leaf_count=28122 10120 1760 1760 1320 440 32560
internal_value=-1.84012e-05 -0.00307756 -0.00565539 -0.02625 -0.0116364 -0.00354312
internal_weight=76082 47960 37840 3520 2200 34320
internal_count=76082 47960 37840 3520 2200 34320
is_linear=0
shrinkage=0.1


Tree=26
num_leaves=7
num_cat=0
split_feature=1 2 0 3 0 1
split_gain=123.769 108.86 102.246 151.579 93.2224 134.601
threshold=-0.085730500155694681 -0.11987677602567985 20.450000000000003 26.924850000000003 38.350000000000001 0.91628314851554127
decision_type=2 2 2 2 2 2
left_child=-1 4 -3 -4 -2 -6
right_child=1 2 3 -5 5 -7
leaf_value=-0.0020985094475203781 0.012196923497254637 0.019076315942981727 0.00098471793468113411 -0.015184936044599856 0.0019045986454589215 -0.017739575818420724
leaf_weight=37714 13270 1488 13781 3479 5050 1300
leaf_count=37714 13270 1488 13781 3479 5050 1300
internal_value=0.000223443 0.00422227 -0.0012268 -0.00339513 0.00942915 -0.000535433
internal_weight=76082 38368 18748 17260 19620 6350
internal_count=76082 38368 18748 17260 19620 6350
is_linear=0
shrinkage=0.1


Tree=27
num_leaves=7
num_cat=0
split_feature=1 2 0 3 3 3
split_gain=94.1407 96.8112 92.8348 86.5906 84.0044 114.897
threshold=-0.46238297290351499 -0.11987677602567985 31.250000000000004 26.288350000000005 23.325700000000005 23.412550000000007
decision_type=2 2 2 2 2 2
left_child=2 -2 3 -1 -3 -6
right_child=1 4 -4 -5 5 -7
leaf_value=-0.0032255347505562859 0.0060869219842117073 0.0033299215527219928 -0.0053211906585664591 0.0050174325714386096 -0.081315646993951426 -0.0046841313134374568
leaf_weight=13188 24634 9374 9438 5060 218 14170
leaf_count=13188 24634 9374 9438 5060 218 14170
internal_value=-0.000160353 0.00250021 -0.0048111 -0.000646646 -0.0020537 -0.00685293
internal_weight=76082 48396 27686 18248 23762 14388
internal_count=76082 48396 27686 18248 23762 14388
is_linear=0
shrinkage=0.1


Tree=28
num_leaves=7
num_cat=0
split_feature=1 3 3 3 0 2
split_gain=78.88 135.594 98.6526 88.2276 76.144 116.489
threshold=0.48504197719567638 25.545400000000004 29.650350000000003 25.294400000000003 31.350000000000005 0.52211334636400808
decision_type=2 2 2 2 2 2
left_child=2 3 4 -2 5 -1
right_child=1 -3 -4 -5 -6 -7
leaf_value=0.004948784291783504 0.0050777503889250846 -0.0032837053825328314 0.0092281824377818608 0.02688574009196314 -0.0058961933722082392 -0.0055329891585059188
leaf_weight=15721 14152 11224 3632 1220 15674 14459
leaf_count=15721 14152 11224 3632 1220 15674 14459
internal_value=9.72635e-05 0.0044894 -0.00226327 0.0105907 -0.00351987 -0.000583168
internal_weight=76082 26596 49486 15372 45854 30180
internal_count=76082 26596 49486 15372 45854 30180
is_linear=0
shrinkage=0.1


Tree=29
num_leaves=7
num_cat=0
split_feature=3 2 1 0 3 0
split_gain=75.2975 67.1939 122.866 111.853 183.997 100.364
threshold=11.966650000000001 -0.53667642277345495 0.43938332272944891 31.750000000000004 24.177050000000005 38.050000000000004
decision_type=2 2 2 2 2 2
left_child=-1 2 3 4 -2 -3
right_child=1 5 -4 -5 -6 -7
leaf_value=0.012031608314140669 -0.0040921188584155501 -0.00076171516536510664 0.011433813544466466 -0.0078770592280136397 0.023391552534986804 -0.010012933693179094
leaf_weight=2094 5475 46000 6784 9040 3505 3184
leaf_count=2094 5475 46000 6784 9040 3505 3184
internal_value=0.000115665 -0.000413581 0.00383003 -0.000488346 0.00741648 -0.00255368
internal_weight=76082 73988 24804 18020 8980 49184
internal_count=76082 73988 24804 18020 8980 49184
is_linear=0
shrinkage=0.1


Tree=30
num_leaves=7
num_cat=0
split_feature=3 3 1 2 3 0
split_gain=63.216 60.0283 65.8138 67.8473 77.5537 99.3617
threshold=10.903650000000001 30.649300000000004 -0.46238297290351499 -0.11987677602567985 26.924850000000003 19.950000000000003
decision_type=2 2 2 2 2 2
left_child=-1 2 -2 -4 -5 -6
right_child=1 -3 3 4 5 -7
leaf_value=0.016661538612125482 -0.0031736714917349196 0.010087625270899165 0.0042891840946779614 0.00024617278296608093 0.010521218232852026 -0.013397114663754192
leaf_weight=1396 26162 2792 23278 17658 822 3974
leaf_count=1396 26162 2792 23278 17658 822 3974
internal_value=-2.36587e-05 -0.000417749 -0.000976438 0.00131199 -0.00260978 -0.0138866
internal_weight=76082 74686 71894 45732 22454 4796
internal_count=76082 74686 71894 45732 22454 4796
is_linear=0
shrinkage=0.1


Tree=31
num_leaves=7
num_cat=0
split_feature=0 2 0 3 3 3
split_gain=51.4761 64.1814 118.343 82.9933 142.999 84.9838
threshold=17.650000000000002 0.38465092912467852 29.050000000000004 16.945600000000002 22.081400000000006 25.545400000000004
decision_type=2 2 2 2 2 2
left_child=-1 2 -2 -4 -5 -6
right_child=1 -3 3 4 5 -7
leaf_value=0.025439490512353599 0.014430690675102401 -0.0034234793723747674 0.011787034089589522 -0.009778445389400198 0.0062723900344337615 -0.0011677151283488675
leaf_weight=524 6980 25636 3643 7532 12536 19231
leaf_count=524 6980 25636 3643 7532 12536 19231
internal_value=6.30898e-05 -0.000153524 0.00193502 -2.79447e-05 -0.00136645 0.00157081
internal_weight=76082 75558 49922 42942 39299 31767
internal_count=76082 75558 49922 42942 39299 31767
is_linear=0
shrinkage=0.1


Tree=32
num_leaves=7
num_cat=0
split_feature=3 3 3 3 3 1
split_gain=48.28 65.9585 244.475 203.441 158.714 98.4552
threshold=30.649300000000004 25.488350000000004 26.241550000000004 24.792150000000003 26.924850000000003 0.54389891703310045
decision_type=2 2 2 2 2 2
left_child=1 3 -3 5 -4 -1
right_child=-2 2 4 -5 -6 -7
leaf_value=-0.0030822057647705015 0.0091956342566441307 -0.012316775393554386 0.0078805538753786066 0.011831075962924367 -0.0035040321137284505 0.0052385124416349021
leaf_weight=24698 2792 6980 7678 6282 15356 12296
leaf_count=24698 2792 6980 7678 6282 15356 12296
internal_value=-8.41198e-05 -0.000575795 -0.00417805 0.00192254 0.000790136 -0.000902849
internal_weight=76082 73290 30014 43276 23034 36994
internal_count=76082 73290 30014 43276 23034 36994
is_linear=0
shrinkage=0.1


Tree=33
num_leaves=7
num_cat=0
split_feature=0 2 0 3 3 0
split_gain=45.9656 56.6058 100.961 59.8785 63.0402 168.704
threshold=17.650000000000002 0.38465092912467852 27.150000000000002 10.357850000000001 23.638350000000006 31.250000000000004
decision_type=2 2 2 2 2 2
left_child=-1 2 -2 -4 -5 -6
right_child=1 -3 3 4 5 -7
leaf_value=0.022621871474795798 0.023188240850058151 -0.0027745393601752086 0.034239015703248214 -0.0030168545846352107 0.013309311656448598 -0.00063420262213596541
leaf_weight=524 2487 25636 455 18434 7199 21347
leaf_count=524 2487 25636 455 18434 7199 21347
internal_value=-0.00012618 -0.000330872 0.00163054 0.000600822 0.000251171 0.00319484
internal_weight=76082 75558 49922 47435 46980 28546
internal_count=76082 75558 49922 47435 46980 28546
is_linear=0
shrinkage=0.1


Tree=34
num_leaves=7
num_cat=0
split_feature=3 0 2 3 0 1
split_gain=46.5017 43.6214 50.4469 70.154 179.299 95.4701
threshold=11.966650000000001 17.050000000000004 0.051476858357251264 23.638350000000006 31.350000000000005 0.32853027881941099
decision_type=2 2 2 2 2 2
left_child=-1 -2 3 5 -5 -3
right_child=1 2 -4 4 -6 -7
leaf_value=0.0096577977964253832 0.02224159265722846 -0.0084720482331651307 -0.0024965312522759299 0.018780447578467731 8.0891995673809672e-05 0.0053221780059189211
leaf_weight=2094 345 9576 33575 5717 18475 6300
leaf_count=2094 345 9576 33575 5717 18475 6300
internal_value=1.31437e-05 -0.000402768 -0.000568961 0.00182689 0.0052166 -0.00333837
internal_weight=76082 73988 73643 40068 24192 15876
internal_count=76082 73988 73643 40068 24192 15876
is_linear=0
shrinkage=0.1


Tree=35
num_leaves=7
num_cat=0
split_feature=0 2 3 3 3 3
split_gain=40.7189 52.879 65.0951 107.352 102.756 97.0334
threshold=41.150000000000013 0.051476858357251264 25.464200000000002 25.442100000000003 26.288350000000005 26.924850000000003
decision_type=2 2 2 2 2 2
left_child=1 -1 3 -3 -4 -6
right_child=-2 2 4 -5 5 -7
leaf_value=0.0016936508253307782 -0.0086656086263134733 0.0003958592386485299 -0.0104085816993529 0.030097390163234788 0.0056463307237949768 -0.0047245787916993746
leaf_weight=38749 2454 19199 3840 320 3200 8320
leaf_count=38749 2454 19199 3840 320 3200 8320
internal_value=-0.000123551 0.000298799 -0.00252588 0.00130642 -0.00739583 -0.00267361
internal_weight=76082 73628 34879 19519 15360 11520
internal_count=76082 73628 34879 19519 15360 11520
is_linear=0
shrinkage=0.1


Tree=36
num_leaves=7
num_cat=0
split_feature=0 2 0 1 0 1
split_gain=38.1385 54.4925 61.3724 87.4713 81.9305 137.46
threshold=18.150000000000002 0.74541039586774327 29.850000000000005 0.16236015996470318 38.350000000000001 0.91628314851554127
decision_type=2 2 2 2 2 2
left_child=-1 2 -2 -4 -5 -6
right_child=1 -3 3 4 5 -7
leaf_value=0.013865286209301353 0.0049306151106315215 -0.003650815253716222 -0.0033567097498422836 0.0064481198507173598 0.0014581111023024786 -0.015383926108993091
leaf_weight=709 16816 14129 21301 16119 4967 2041
leaf_count=709 16816 14129 21301 16119 4967 2041
internal_value=-9.46347e-05 -0.000311783 0.000979688 -0.000967858 0.00329053 -0.0057363
internal_weight=76082 75373 61244 44428 23127 7008
internal_count=76082 75373 61244 44428 23127 7008
is_linear=0
shrinkage=0.1


Tree=37
num_leaves=7
num_cat=0
split_feature=3 3 3 3 3 3
split_gain=39.1196 212.76 205.428 103.057 69.6286 68.8739
threshold=25.464200000000002 25.294400000000003 26.288350000000005 26.924850000000003 26.091350000000002 28.621200000000005
decision_type=2 2 2 2 2 2
left_child=1 -1 4 -4 -2 -5
right_child=2 -3 3 5 -6 -7
leaf_value=0.00019119246503573816 -0.0045022439312731788 0.019942287414706411 0.0087448190493996224 -0.0061807186429549688 -0.014757221934905241 0.0026692839592778366
leaf_weight=40484 4886 2094 6980 9074 3490 9074
leaf_count=40484 4886 2094 6980 9074 3490 9074
internal_value=-0.000141952 0.00186951 -0.00269819 0.00182267 -0.0162607 -0.002149
internal_weight=76082 42578 33504 25128 8376 18148
internal_count=76082 42578 33504 25128 8376 18148
is_linear=0
shrinkage=0.1


Tree=38
num_leaves=7
num_cat=0
split_feature=2 2 0 1 0 3
split_gain=35.7782 41.8794 51.1225 58.8482 77.2349 108.668
threshold=0.99963164097526624 0.74541039586774327 27.150000000000002 -0.46238297290351499 33.550000000000004 17.522450000000003
decision_type=2 2 2 2 2 2
left_child=1 2 -1 -4 -5 -6
right_child=-2 -3 3 4 5 -7
leaf_value=0.0069035970910422354 0.018059498525978084 -0.0028355093352172818 -0.0024395932229026615 0.0075171363107835237 0.015056772839781074 -0.0028047984561601182
leaf_weight=5997 436 14388 21918 13866 2264 17213
leaf_count=5997 436 14388 21918 13866 2264 17213
internal_value=-0.000123551 -0.000288184 0.000852134 -9.95277e-05 0.00254626 -0.00151461
internal_weight=76082 75646 61258 55261 33343 19477
internal_count=76082 75646 61258 55261 33343 19477
is_linear=0
shrinkage=0.1


Tree=39
num_leaves=7
num_cat=0
split_feature=3 3 3 2 0 3
split_gain=35.0103 52.8086 173.726 68.0453 78.781 58.4618
threshold=11.966650000000001 15.558650000000002 16.945600000000002 0.49252992309759819 32.650000000000013 21.892100000000003
decision_type=2 2 2 2 2 2
left_child=-1 -2 3 4 -3 -4
right_child=1 2 5 -5 -6 -7
leaf_value=0.0081542935290890902 -0.006838949946389835 -0.0036261017052441336 -0.0042411893275061787 0.024058785893369298 0.033147225199916107 0.00046273896266908895
leaf_weight=2094 3490 831 13960 636 627 54444
leaf_count=2094 3490 831 13960 636 627 54444
internal_value=-0.000239216 -0.000600097 -5.67392e-06 0.0283668 0.0164609 -0.000874218
internal_weight=76082 73988 70498 2094 1458 68404
internal_count=76082 73988 70498 2094 1458 68404
is_linear=0
shrinkage=0.1


end of trees

feature_importances:
latitude=96
doy_sin=52
raw_tmax_c=51
doy_cos=41

parameters:
[boosting: gbdt]
[objective: regression_l1]
[metric: l1]
[tree_learner: serial]
[device_type: cpu]
[data_sample_strategy: bagging]
[data: ]
[valid: ]
[num_iterations: 40]
[learning_rate: 0.1]
[num_leaves: 7]
[num_threads: 1]
[seed: 17]
[deterministic: 1]
[force_col_wise: 1]
[force_row_wise: 0]
[histogram_pool_size: -1]
[max_depth: -1]
[min_data_in_leaf: 1]
[min_sum_hessian_in_leaf: 0.001]
[bagging_fraction: 1]
[pos_bagging_fraction: 1]
[neg_bagging_fraction: 1]
[bagging_freq: 0]
[bagging_seed: 26602]
[bagging_by_query: 0]
[feature_fraction: 1]
[feature_fraction_bynode: 1]
[feature_fraction_seed: 18297]
[extra_trees: 0]
[extra_seed: 13015]
[early_stopping_round: 0]
[early_stopping_min_delta: 0]
[first_metric_only: 0]
[max_delta_step: 0]
[lambda_l1: 0]
[lambda_l2: 0]
[linear_lambda: 0]
[min_gain_to_split: 0]
[drop_rate: 0.1]
[max_drop: 50]
[skip_drop: 0.5]
[xgboost_dart_mode: 0]
[uniform_drop: 0]
[drop_seed: 30017]
[top_rate: 0.2]
[other_rate: 0.1]
[min_data_per_group: 100]
[max_cat_threshold: 32]
[cat_l2: 10]
[cat_smooth: 10]
[max_cat_to_onehot: 4]
[top_k: 20]
[monotone_constraints: ]
[monotone_constraints_method: basic]
[monotone_penalty: 0]
[feature_contri: ]
[forcedsplits_filename: ]
[refit_decay_rate: 0.9]
[cegb_tradeoff: 1]
[cegb_penalty_split: 0]
[cegb_penalty_feature_lazy: ]
[cegb_penalty_feature_coupled: ]
[path_smooth: 0]
[interaction_constraints: ]
[verbosity: -1]
[saved_feature_importance_type: 0]
[use_quantized_grad: 0]
[num_grad_quant_bins: 4]
[quant_train_renew_leaf: 0]
[stochastic_rounding: 1]
[linear_tree: 0]
[max_bin: 255]
[max_bin_by_feature: ]
[min_data_in_bin: 3]
[bin_construct_sample_cnt: 200000]
[data_random_seed: 94]
[is_enable_sparse: 1]
[enable_bundle: 1]
[use_missing: 1]
[zero_as_missing: 0]
[feature_pre_filter: 1]
[pre_partition: 0]
[two_round: 0]
[header: 0]
[label_column: ]
[weight_column: ]
[group_column: ]
[ignore_column: ]
[categorical_feature: ]
[forcedbins_filename: ]
[precise_float_parser: 0]
[parser_config_file: ]
[objective_seed: 20363]
[num_class: 1]
[is_unbalance: 0]
[scale_pos_weight: 1]
[sigmoid: 1]
[boost_from_average: 1]
[reg_sqrt: 0]
[alpha: 0.9]
[fair_c: 1]
[poisson_max_delta_step: 0.7]
[tweedie_variance_power: 1.5]
[lambdarank_truncation_level: 30]
[lambdarank_norm: 1]
[label_gain: ]
[lambdarank_position_bias_regularization: 0]
[eval_at: ]
[multi_error_top_k: 1]
[auc_mu_weights: ]
[num_machines: 1]
[local_listen_port: 12400]
[time_out: 120]
[machine_list_filename: ]
[machines: ]
[gpu_platform_id: -1]
[gpu_device_id: -1]
[gpu_use_dp: 0]
[num_gpu: 1]

end of parameters

pandas_categorical:null
