tree
version=v4
num_class=1
num_tree_per_iteration=1
label_index=0
max_feature_idx=3
objective=regression_l1
feature_names=raw_tmax_c doy_sin doy_cos latitude
feature_infos=[23:44.299999999999997] [-0.9999631612477099:0.9999631612477099] [-1:1] [8.7642000000000007:21.170200000000001]
tree_sizes=734 742 758 760 765 760 761 766 767 761 762 761 759 762 757 765 753 764 766 764 769 770 763 764 763 757 768 758 760 771 769 759 770 784 776 772 788 826 781 795

Tree=0
num_leaves=7
num_cat=0
split_feature=3 3 3 2 1 2
split_gain=286.185 168.125 206.764 91.5297 55.4071 72.1664
threshold=20.123100000000004 10.923450000000003 18.381400000000003 -0.6729242335534279 0.31226905285971485 0.62058661934845294
decision_type=2 2 2 2 2 2
left_child=1 3 -3 -1 5 -2
right_child=4 2 -4 -5 -6 -7
leaf_value=0.30000001192092896 0.30000001192092896 0.31000001132488253 0.24000000953674316 0.14000001549720764 0.40000000596046448 0.40000000596046448
leaf_weight=194 298 2094 698 504 277 123
leaf_count=194 298 2094 698 504 277 123
internal_value=0.296705 0.285014 0.295989 0.241117 0.355158 0.332304
internal_weight=4188 3490 2792 698 698 421
internal_count=4188 3490 2792 698 698 421
is_linear=0
shrinkage=1


Tree=1
num_leaves=7
num_cat=0
split_feature=3 3 3 1 2 2
split_gain=291.587 123.682 174.5 127.919 80.2837 77.6947
threshold=20.123100000000004 10.923450000000003 16.064700000000006 0.48504197719567638 -0.72208999473568902 -0.068612210320797326
decision_type=2 2 2 2 2 2
left_child=1 4 3 5 -1 -3
right_child=-2 2 -4 -5 -6 -7
leaf_value=0 0.059999999403953556 0.029000001251697539 -0.031000001132488256 0.049000000059604643 -0.1439999967813492 -0.021000000983476642
leaf_weight=178 698 468 1396 488 520 440
leaf_count=178 698 468 1396 488 520 440
internal_value=-0.00570678 -0.0175072 -0.00809456 0.0169054 -0.0551576 -0.00528634
internal_weight=4188 3490 2792 1396 698 908
internal_count=4188 3490 2792 1396 698 908
is_linear=0
shrinkage=0.1


Tree=2
num_leaves=7
num_cat=0
split_feature=3 3 3 2 1 2
split_gain=218.088 136.023 202.388 75.4477 61.1533 78.6131
threshold=10.923450000000003 20.123100000000004 18.381400000000003 -0.46997674302731973 0.32853027881941099 0.63395513778623458
decision_type=2 2 2 2 2 2
left_child=3 2 -2 -1 5 -3
right_child=1 4 -4 -5 -6 -7
leaf_value=-0.015000000968575478 0.011099999561905861 -0.0059999999403953569 -0.050900002032518391 -0.12959999710321427 0.083999994695186625 0.088999995887279526
leaf_weight=252 2094 302 698 446 274 122
leaf_count=252 2094 302 698 446 274 122
internal_value=-0.00183859 0.00836676 -0.0015043 -0.0528653 0.047851 0.0240566
internal_weight=4188 3490 2792 698 698 424
internal_count=4188 3490 2792 698 698 424
is_linear=0
shrinkage=0.1


Tree=3
num_leaves=7
num_cat=0
split_feature=3 3 3 2 1 2
split_gain=190.259 123.682 132.631 79.8805 59.3221 75.2926
threshold=10.923450000000003 20.123100000000004 18.381400000000003 -0.73968886086496677 0.55822315702467162 0.66012780149078465
decision_type=2 2 2 2 2 2
left_child=3 2 -2 -1 5 -3
right_child=1 4 -4 -5 -6 -7
leaf_value=0.0015000000968575457 0.0099899996057152725 -0.0044000000059604694 -0.045810001829266554 -0.11663999739289284 0.07559999522566796 0.085099997490644452
leaf_weight=172 2094 336 698 526 228 134
leaf_count=172 2094 336 698 526 228 134
internal_value=-0.00219675 0.00733524 -0.00207736 -0.0498567 0.0449857 0.0246809
internal_weight=4188 3490 2792 698 698 470
internal_count=4188 3490 2792 698 698 470
is_linear=0
shrinkage=0.1


Tree=4
num_leaves=7
num_cat=0
split_feature=3 3 3 1 0 2
split_gain=186.088 92.4424 146.705 127.919 81.5413 77.6947
threshold=20.123100000000004 10.923450000000003 16.064700000000006 0.48504197719567638 28.150000000000002 -0.068612210320797326
decision_type=2 2 2 2 2 2
left_child=1 -1 3 5 -4 -3
right_child=-2 2 4 -5 -6 -7
leaf_value=-0.074976002421975135 0.046039999994635573 0.023991001209765668 0.019990999063998455 0.041991000136882062 -0.031229000752270222 -0.021009000801891095
leaf_weight=698 698 468 179 488 1217 440
leaf_count=698 698 468 179 488 1217 440
internal_value=-0.00472779 -0.0141547 -0.00601719 0.0169054 -0.0289398 -0.00528634
internal_weight=4188 3490 2792 1396 1396 908
internal_count=4188 3490 2792 1396 1396 908
is_linear=0
shrinkage=0.1


Tree=5
num_leaves=7
num_cat=0
split_feature=3 3 3 2 1 2
split_gain=160.278 99.4043 110.488 67.015 51.9572 67.8792
threshold=20.123100000000004 10.923450000000003 18.381400000000003 -0.45475513555610558 0.55822315702467162 0.66012780149078465
decision_type=2 2 2 2 2 2
left_child=1 3 -3 -1 5 -2
right_child=4 2 -4 -5 -6 -7
leaf_value=-0.0030454010746628034 -0.0085640000048279874 0.0077918989311009604 -0.038106101571112876 -0.10247839860349894 0.063435995703637602 0.071985997742116448
leaf_weight=256 336 2094 698 442 228 134
leaf_count=256 336 2094 698 442 228 134
internal_value=-0.00133715 -0.010086 -0.00164756 -0.0438395 0.0424069 0.0234043
internal_weight=4188 3490 2792 698 698 470
internal_count=4188 3490 2792 698 698 470
is_linear=0
shrinkage=0.1


Tree=6
num_leaves=7
num_cat=0
split_feature=3 3 3 0 1 2
split_gain=140.623 90.4997 103.704 64.8748 60.9836 51.2481
threshold=20.123100000000004 10.923450000000003 18.381400000000003 28.050000000000004 0.75110426010738141 1.0000000180025095e-35
decision_type=2 2 2 2 2 2
left_child=1 4 -3 -4 5 -1
right_child=-2 2 3 -5 -6 -7
leaf_value=0.0091521404368355881 0.037092403285831209 0.0070127090379908663 0.030582510392510892 -0.044295490817955141 -0.16723055278268456 -0.057230562319427726
leaf_weight=282 698 2094 78 620 168 248
leaf_count=282 698 2094 78 620 168 248
internal_value=-0.00114613 -0.00934097 -0.0012894 -0.0346705 -0.0415473 -0.0249057
internal_weight=4188 3490 2792 698 698 530
internal_count=4188 3490 2792 698 698 530
is_linear=0
shrinkage=0.1


Tree=7
num_leaves=7
num_cat=0
split_feature=3 3 1 3 2 0
split_gain=117.413 66.2925 64.3615 60.2077 97.1611 74.8896
threshold=10.923450000000003 20.123100000000004 -0.19613531578169993 16.064700000000006 0.50739640075491554 33.850000000000001
decision_type=2 2 2 2 2 2
left_child=-1 3 -3 4 -2 -5
right_child=1 2 -4 5 -6 -7
leaf_value=-0.058145776363111294 0.026311436942098889 -0.0024168408693701019 0.049830658653196691 -0.0083665613596604852 -0.010388561369599548 -0.068366562253730154
leaf_weight=698 980 320 378 1065 416 331
leaf_count=698 980 320 378 1065 416 331
internal_value=-0.00267431 0.00481375 0.0323782 -0.00207736 0.0126074 -0.0167622
internal_weight=4188 3490 698 2792 1396 1396
internal_count=4188 3490 698 2792 1396 1396
is_linear=0
shrinkage=0.1


Tree=8
num_leaves=7
num_cat=0
split_feature=3 2 3 3 1 0
split_gain=96.2942 58.2787 56.7407 64.9986 91.6601 74.8896
threshold=10.923450000000003 -0.66012780149078443 20.123100000000004 16.064700000000006 0.71612580616132593 33.850000000000001
decision_type=2 2 2 2 2 2
left_child=1 -1 3 4 -2 -5
right_child=2 -3 -4 5 -6 -7
leaf_value=0.014051504029463159 -0.0025197051904693071 -0.075692923682802241 0.028400097091928422 -0.0075299052236944388 0.043680292055796106 -0.061529906028357145
leaf_weight=198 1036 500 698 1065 360 331
leaf_count=198 1036 500 698 1065 360 331
internal_value=-0.00191022 -0.0358166 0.00487106 -0.0015043 0.0137536 -0.0167622
internal_weight=4188 698 3490 2792 1396 1396
internal_count=4188 698 3490 2792 1396 1396
is_linear=0
shrinkage=0.1


Tree=9
num_leaves=7
num_cat=0
split_feature=3 1 2 0 2 3
split_gain=75.0963 59.0029 84.4645 56.4824 52.4358 65.6872
threshold=20.123100000000004 0.34469468539800274 0.66012780149078465 27.750000000000004 -0.78938882915716746 10.923450000000003
decision_type=2 2 2 2 2 2
left_child=3 2 -2 -1 -5 -6
right_child=1 -3 -4 4 5 -7
leaf_value=0.018101085019024927 -0.015015165895579486 0.045560080230178213 0.058479832017065858 0.013223085596698231 -0.068123631314522023 -0.0082762946307892941
leaf_weight=251 308 271 119 731 525 1983
leaf_count=251 308 271 119 731 525 1983
internal_value=-0.00186246 0.0280802 0.00491803 -0.007851 -0.0113924 -0.0182616
internal_weight=4188 698 427 3490 3239 2508
internal_count=4188 698 427 3490 3239 2508
is_linear=0
shrinkage=0.1


Tree=10
num_leaves=7
num_cat=0
split_feature=3 1 3 1 3 2
split_gain=74.3794 57.3484 46.0748 67.0692 55.5306 43.0858
threshold=20.123100000000004 -0.19613531578169993 10.923450000000003 0.65365639399891895 18.381400000000003 -0.79980977965991029
decision_type=2 2 2 2 2 2
left_child=2 -2 3 -1 -4 -3
right_child=1 5 4 -5 -6 -7
leaf_value=-0.01131127414353429 -0.0035136499020679834 -0.0037959251225515248 0.0040507156558236062 -0.13031126436837256 -0.027448666210791652 0.051004074591346184
leaf_weight=498 320 98 2094 200 698 280
leaf_count=498 320 98 2094 200 698 280
internal_value=-0.00114613 0.0286533 -0.00710602 -0.030086 -0.00136103 0.0550265
internal_weight=4188 698 3490 698 2792 378
internal_count=4188 698 3490 698 2792 378
is_linear=0
shrinkage=0.1


Tree=11
num_leaves=7
num_cat=0
split_feature=3 2 0 2 3 0
split_gain=58.6277 52.5895 66.7024 47.7303 52.3051 86.3284
threshold=20.123100000000004 0.65368047477200586 33.850000000000001 -0.26296220265651482 10.923450000000003 29.650000000000002
decision_type=2 2 2 2 2 2
left_child=3 2 -2 -1 5 -5
right_child=1 -3 -4 4 -6 -7
leaf_value=0.0056505431048297031 -0.013162284315814739 0.045001166917038794 0.036837715684185264 0.035508617454141793 -0.0056686352610030551 -0.080180145537087966
leaf_weight=1520 328 166 204 62 1576 332
leaf_count=1520 328 166 204 62 1576 332
internal_value=-0.00210124 0.0243553 0.00902256 -0.00739255 -0.017665 -0.0502538
internal_weight=4188 698 532 3490 1970 394
internal_count=4188 698 532 3490 1970 394
is_linear=0
shrinkage=0.1


Tree=12
num_leaves=7
num_cat=0
split_feature=3 2 1 0 2 0
split_gain=43.6455 43.8257 45.2632 40.9496 39.2373 36.5729
threshold=20.123100000000004 -0.14540367380369007 -0.75110426010738129 34.650000000000013 -0.78938882915716746 27.350000000000005
decision_type=2 2 2 2 2 2
left_child=4 3 -3 -2 -1 -6
right_child=1 2 -4 -5 5 -7
leaf_value=0.012455930672521534 -0.011846055884233264 -0.0043460564802797119 0.04140355044050769 0.042219895563793047 0.019253948446999566 -0.012410230488362334
leaf_weight=770 238 100 266 94 144 2576
leaf_count=770 238 100 266 94 144 2576
internal_value=-0.00133715 0.02149 0.0453552 -0.00481928 -0.00590258 -0.0115441
internal_weight=4188 698 366 332 3490 2720
internal_count=4188 698 366 332 3490 2720
is_linear=0
shrinkage=0.1


Tree=13
num_leaves=7
num_cat=0
split_feature=0 3 1 3 1 3
split_gain=45.5089 44.8492 54.372 39.2927 94.4392 68.9591
threshold=28.150000000000002 10.923450000000003 0.71612580616132593 16.064700000000006 0.71612580616132593 20.123100000000004
decision_type=2 2 2 2 2 2
left_child=-1 2 -2 4 -3 -5
right_child=1 3 -4 5 -6 -7
leaf_value=0.013904127643422665 -0.01248998542575881 -0.00053728917825973113 -0.10802110032899026 -0.022895913014775945 0.0415427073226496 0.017263202549014301
leaf_weight=408 490 889 179 1217 360 645
leaf_count=408 490 889 179 1217 360 645
internal_value=-0.00133715 -0.0047619 -0.0282511 0.000289296 0.0140112 -0.00891515
internal_weight=4188 3780 669 3111 1249 1862
internal_count=4188 3780 669 3111 1249 1862
is_linear=0
shrinkage=0.1


Tree=14
num_leaves=7
num_cat=0
split_feature=3 2 1 2 0 1
split_gain=35.6493 43.9947 58.7551 39.0119 36.4633 29.9674
threshold=20.123100000000004 0.65368047477200586 0.60019216940316622 -0.78938882915716746 27.350000000000005 -0.13690605792347518
decision_type=2 2 2 2 2 2
left_child=3 2 -2 5 -5 -1
right_child=1 -3 -4 4 -6 -7
leaf_value=-0.015752032660537263 -0.01238777055071137 0.03480232867166231 0.036271585752512304 0.015938140837957339 -0.010606320819228679 0.03189352245394831
leaf_weight=300 342 166 190 144 2576 470
leaf_count=300 342 166 190 144 2576 470
internal_value=-0.0017192 0.0189112 0.00488722 -0.00584527 -0.0114706 0.014026
internal_weight=4188 698 532 3490 2720 770
internal_count=4188 698 532 3490 2720 770
is_linear=0
shrinkage=0.1


Tree=15
num_leaves=7
num_cat=0
split_feature=0 3 1 3 1 0
split_gain=42.2456 37.8979 45.0151 34.489 65.1018 57.0556
threshold=28.150000000000002 10.923450000000003 0.72800098152115778 16.064700000000006 1.0000000180025095e-35 30.150000000000002
decision_type=2 2 2 2 2 2
left_child=-1 2 -2 4 -3 -6
right_child=1 3 -4 -5 5 -7
leaf_value=0.011543146784802422 -0.011295829642434913 -0.0091729288378872738 -0.096158358214168391 -0.0069239858550091604 -0.03575292968844556 0.037317150835724226
leaf_weight=408 494 610 175 1862 47 592
leaf_count=408 494 610 175 1862 47 592
internal_value=-0.000668577 -0.00396825 -0.0255605 0.000675024 0.0135308 0.0358372
internal_weight=4188 3780 669 3111 1249 639
internal_count=4188 3780 669 3111 1249 639
is_linear=0
shrinkage=0.1


Tree=16
num_leaves=7
num_cat=0
split_feature=3 1 0 2 0 0
split_gain=29.2036 45.2841 32.6028 33.8792 29.3251 20.252
threshold=10.923450000000003 0.72800098152115778 28.950000000000003 1.0000000180025095e-35 38.350000000000001 38.650000000000013
decision_type=2 2 2 2 2 2
left_child=1 2 -1 4 -4 -2
right_child=5 -3 3 -5 -6 -7
leaf_value=0.058804252559129716 0.0011282538434802161 -0.086542522392751564 0.029833753172796969 -0.037481899114172282 -0.091434740752457375 0.053377647787297859
leaf_weight=38 3402 176 256 206 22 88
leaf_count=38 3402 176 256 206 22 88
internal_value=-0.00109838 -0.0197708 -0.00498084 -0.0119835 0.0107914 0.0026361
internal_weight=4188 698 522 484 278 3490
internal_count=4188 698 522 484 278 3490
is_linear=0
shrinkage=0.1


Tree=17
num_leaves=7
num_cat=0
split_feature=3 0 2 0 1 3
split_gain=26.8625 38.6604 58.3153 48.7266 17.5122 35.2015
threshold=10.923450000000003 30.150000000000002 -0.051476858357251354 37.650000000000013 -0.13690605792347518 16.064700000000006
decision_type=2 2 2 2 2 2
left_child=1 -1 3 -3 -2 -6
right_child=4 2 -4 -5 5 -7
leaf_value=0.024697419266493562 -0.00074448098374789928 0.024370090252124988 -0.063733704434383462 -0.083354693161613688 0.018898050750588133 -0.0012300613495857982
leaf_weight=83 1670 271 264 80 728 1092
leaf_count=83 1670 271 264 80 728 1092
internal_value=-0.00157593 -0.0194842 -0.0281301 -0.0014245 0.00200573 0.00879121
internal_weight=4188 698 615 351 3490 1820
internal_count=4188 698 615 351 3490 1820
is_linear=0
shrinkage=0.1


Tree=18
num_leaves=7
num_cat=0
split_feature=0 3 1 2 2 3
split_gain=23.7039 21.8202 37.7163 43.872 30.6368 61.0541
threshold=27.750000000000004 20.123100000000004 0.57238288608965349 0.66012780149078465 -0.068612210320797326 16.064700000000006
decision_type=2 2 2 2 2 2
left_child=-1 4 3 -3 5 -2
right_child=1 2 -4 -5 -6 -7
leaf_value=0.013151634789708128 0.01670208739542486 -0.010494972196112546 0.02812206711899079 0.039790210247271453 -0.012837518389235978 -0.019102895863404797
leaf_weight=287 1049 317 223 122 1558 632
leaf_count=287 1049 317 223 122 1558 632
internal_value=-0.000907354 -0.00294796 0.0135952 -0.00341686 -0.00632911 0.00303391
internal_weight=4188 3901 662 439 3239 1681
internal_count=4188 3901 662 439 3239 1681
is_linear=0
shrinkage=0.1


Tree=19
num_leaves=7
num_cat=0
split_feature=3 0 2 2 1 1
split_gain=27.4386 28.0827 29.4463 22.4357 23.1188 21.4623
threshold=20.123100000000004 36.550000000000004 0.88264628153994418 -0.78938882915716746 -0.13690605792347518 -0.26295251545706949
decision_type=2 2 2 2 2 2
left_child=3 2 -2 4 -1 -5
right_child=1 -3 -4 5 -6 -7
leaf_value=-0.013189060574350986 0.00055452442745226318 0.040534802185659261 0.045183229625901579 0.00074152629295985706 0.023351392645000316 -0.012896515042061013
leaf_weight=300 514 99 85 1290 470 1430
leaf_count=300 514 99 85 1290 470 1430
internal_value=0.000238777 0.0183381 0.0101836 -0.00338109 0.0116883 -0.00764706
internal_weight=4188 698 599 3490 770 2720
internal_count=4188 698 599 3490 770 2720
is_linear=0
shrinkage=0.1


Tree=20
num_leaves=7
num_cat=0
split_feature=3 0 3 2 3 0
split_gain=23.0008 23.4969 31.5306 31.5105 34.9364 31.5076
threshold=20.123100000000004 28.150000000000002 18.381400000000003 -0.051476858357251354 13.762650000000002 37.350000000000001
decision_type=2 2 2 2 2 2
left_child=1 -1 3 5 -5 -3
right_child=-2 2 -4 4 -6 -7
leaf_value=0.01032494284558424 0.010560989023614154 0.011826543124472538 -0.025956437482379427 -0.023664414731990838 0.0026655866289322207 -0.029591979173737744
leaf_weight=355 698 1184 612 594 534 211
leaf_count=355 698 1184 612 594 534 211
internal_value=0.000620821 -0.00269341 -0.00545455 -0.00051526 -0.0129433 0.00953405
internal_weight=4188 3490 3135 2523 1128 1395
internal_count=4188 3490 3135 2523 1128 1395
is_linear=0
shrinkage=0.1


Tree=21
num_leaves=7
num_cat=0
split_feature=0 3 1 3 1 2
split_gain=19.4738 19.6527 35.0489 20.1436 60.9314 39.9397
threshold=27.750000000000004 10.923450000000003 0.72800098152115778 16.064700000000006 0.72800098152115778 0.53667642277345495
decision_type=2 2 2 2 2 2
left_child=-1 2 -2 4 -3 -5
right_child=1 3 -4 5 -6 -7
leaf_value=0.010729824396882909 -0.0037842933081184251 -0.0021029471192939297 -0.076575069198824008 -0.010557026321607927 0.035021567809564717 0.010400815894840324
leaf_weight=287 503 947 176 1396 352 527
leaf_count=287 503 947 176 1396 352 527
internal_value=-0.00109838 -0.00294796 -0.0184094 0.000310366 0.00993072 -0.00618825
internal_weight=4188 3901 679 3222 1299 1923
internal_count=4188 3901 679 3222 1299 1923
is_linear=0
shrinkage=0.1


Tree=22
num_leaves=7
num_cat=0
split_feature=3 0 2 3 1 2
split_gain=21.4374 24.5631 23.7066 24.4281 35.0704 23.3298
threshold=20.123100000000004 36.550000000000004 -0.26296220265651482 16.064700000000006 0.76232555469153152 0.10281720934011641
decision_type=2 2 2 2 2 2
left_child=2 5 3 -1 -5 -2
right_child=1 -3 -4 4 -6 -7
leaf_value=0.016517440540283545 -0.0095013236894471338 0.036480925696892701 -0.0068848397317630263 3.5041894211015888e-05 -0.043067243141536683 0.01919668338392291
leaf_weight=912 307 99 1970 508 100 292
leaf_count=912 307 99 1970 508 100 292
internal_value=-0.00052531 0.0154728 -0.00372493 0.00565789 -0.00986842 0.00784641
internal_weight=4188 698 3490 1520 608 599
internal_count=4188 698 3490 1520 608 599
is_linear=0
shrinkage=0.1


Tree=23
num_leaves=7
num_cat=0
split_feature=3 0 2 2 3 3
split_gain=19.8059 19.1914 20.6467 18.9915 23.4074 27.291
threshold=20.123100000000004 35.95000000000001 0.65368047477200586 -0.26296220265651482 13.762650000000002 18.381400000000003
decision_type=2 2 2 2 2 2
left_child=3 2 -2 -1 -5 -6
right_child=1 -3 -4 4 5 -7
leaf_value=0.0048656941020693957 -0.0041057520510224934 0.03283283312720342 0.025237555484542509 -0.018341643528561748 0.0058778996013259758 -0.0233422381725987
leaf_weight=1520 417 117 164 788 788 394
leaf_count=1520 417 117 164 788 788 394
internal_value=-0.000191022 0.0151862 0.00774527 -0.00326648 -0.00974619 -0.000846024
internal_weight=4188 698 581 3490 1970 1182
internal_count=4188 698 581 3490 1970 1182
is_linear=0
shrinkage=0.1


Tree=24
num_leaves=7
num_cat=0
split_feature=3 1 2 2 0 3
split_gain=16.7366 16.9408 17.759 15.392 27.6485 29.0622
threshold=20.123100000000004 0.32853027881941099 0.88264628153994418 -0.051476858357251354 37.250000000000007 16.064700000000006
decision_type=2 2 2 2 2 2
left_child=3 2 -2 4 5 -1
right_child=1 -3 -4 -5 -6 -7
leaf_value=0.018208248482292966 -0.0081406161154001736 0.019051490083380321 0.034125302284619408 -0.0070304263329505874 -0.02958782560923422 -0.0061251424523096959
leaf_weight=857 348 274 76 1720 236 677
leaf_count=857 348 274 76 1720 236 677
internal_value=-0.000668577 0.013467 0.000943396 -0.0034957 0.00305085 0.00795306
internal_weight=4188 698 424 3490 1770 1534
internal_count=4188 698 424 3490 1770 1534
is_linear=0
shrinkage=0.1


Tree=25
num_leaves=7
num_cat=0
split_feature=3 0 2 0 1 1
split_gain=14.2367 42.0656 33.3692 30.5187 15.8498 13.1271
threshold=10.923450000000003 30.150000000000002 -0.051476858357251354 37.550000000000004 -0.22967928072195901 -0.99863729997741457
decision_type=2 2 2 2 2 2
left_child=1 -1 3 -3 -4 -2
right_child=5 2 4 -5 -6 -7
leaf_value=0.029407838312810276 -0.027908150827550715 0.018447545153706647 -0.010180175402164838 -0.062534557479150488 -0.065691871319614056 0.0022009252494430698
leaf_weight=83 60 258 109 93 155 3430
leaf_count=83 60 258 109 93 155 3430
internal_value=0.000429799 -0.0126074 -0.021626 -0.0014245 -0.0484848 0.00303725
internal_weight=4188 698 615 351 264 3490
internal_count=4188 698 615 351 264 3490
is_linear=0
shrinkage=0.1


Tree=26
num_leaves=7
num_cat=0
split_feature=0 3 2 1 3 1
split_gain=13.2321 13.3804 24.8436 21.7116 21.3207 22.6627
threshold=28.150000000000002 20.123100000000004 -0.8199415561881177 -0.46995942967050158 18.381400000000003 0.04290317764179518
decision_type=2 2 2 2 2 2
left_child=-1 4 -3 -4 -2 -6
right_child=1 2 3 -5 5 -7
leaf_value=0.0098179806137851499 -5.562246731892484e-05 -0.017546647922874137 -0.00067817100825445233 0.020121019426652245 -0.0012084860005238008 -0.041208488086686368
leaf_weight=408 2523 128 220 297 291 321
leaf_count=408 2523 128 220 297 291 321
internal_value=4.77555e-05 -0.00179894 0.0113178 0.0210832 -0.00449761 -0.0212418
internal_weight=4188 3780 645 517 3135 612
internal_count=4188 3780 645 517 3135 612
is_linear=0
shrinkage=0.1


Tree=27
num_leaves=7
num_cat=0
split_feature=0 3 1 0 0 2
split_gain=12.8903 10.4526 25.9966 20.0302 11.5922 15.9371
threshold=26.950000000000003 10.923450000000003 0.65365639399891895 38.350000000000001 28.950000000000003 1.0000000180025095e-35
decision_type=2 2 2 2 2 2
left_child=-1 2 3 4 -2 -6
right_child=1 -3 -4 -5 5 -7
leaf_value=0.015588690570226516 0.034861597674660294 0.0010190673132799589 -0.05911712194092076 -0.066551539507715265 0.020619962310655222 -0.01915659799940226
leaf_weight=125 29 3374 200 23 244 193
leaf_count=125 29 3374 200 23 244 193
internal_value=-0.000429799 -0.0014029 -0.012627 -0.000204499 0.00429185 0.000228833
internal_weight=4188 4063 689 489 466 437
internal_count=4188 4063 689 489 466 437
is_linear=0
shrinkage=0.1


Tree=28
num_leaves=7
num_cat=0
split_feature=0 3 1 0 0 2
split_gain=12.8514 10.0084 24.1775 19.4784 12.1025 17.612
threshold=26.950000000000003 10.923450000000003 0.72800098152115778 38.350000000000001 28.950000000000003 1.0000000180025095e-35
decision_type=2 2 2 2 2 2
left_child=-1 2 3 4 -2 -6
right_child=1 -3 -4 -5 5 -7
leaf_value=0.014029821513203866 0.031375437907194263 0.00091716058195196327 -0.053205409746828684 -0.059896385556943744 0.018557966079589702 -0.017240938199462041
leaf_weight=125 29 3374 176 23 256 205
leaf_count=125 29 3374 176 23 256 205
internal_value=-0.000382044 -0.00135368 -0.0123367 -0.00136452 0.00285714 -0.0010846
internal_weight=4188 4063 689 513 490 461
internal_count=4188 4063 689 513 490 461
is_linear=0
shrinkage=0.1


Tree=29
num_leaves=7
num_cat=0
split_feature=0 2 3 3 0 1
split_gain=10.7691 13.7429 11.5505 23.7157 9.50317 8.39533
threshold=28.150000000000002 -0.5510813381777947 10.923450000000003 13.762650000000002 41.150000000000013 -0.99863729997741457
decision_type=2 2 2 2 2 2
left_child=1 -1 -3 -4 5 -2
right_child=4 2 3 -5 -6 -7
leaf_value=0.03548526740560877 -0.026444223958564217 0.066078883748166992 -0.022692116251057454 0.0058401612047767953 0.067934714615791911 -0.0009790010357489721
leaf_weight=91 67 29 65 223 15.999999999999998 3697
leaf_count=91 67 29 65 223 16 3697
internal_value=-0.000238777 0.0151961 0.00536278 -0.000694444 -0.00190476 -0.00223167
internal_weight=4188 408 317 288 3780 3764
internal_count=4188 408 317 288 3780 3764
is_linear=0
shrinkage=0.1


Tree=30
num_leaves=7
num_cat=0
split_feature=0 0 1 3 0 2
split_gain=11.0124 9.26955 7.92916 7.67682 14.9768 15.994
threshold=27.050000000000004 41.150000000000013 -0.99937381720471408 20.123100000000004 35.550000000000004 0.83910684176851646
decision_type=2 2 2 2 2 2
left_child=-1 2 -2 -4 5 -5
right_child=1 -3 3 4 -6 -7
leaf_value=0.0075385538509350428 -0.024942507836856642 0.061141243154212724 -0.0017766516102082743 -0.0011943538577061097 0.025316483652587207 0.027222436786411765
leaf_weight=143 48 15.999999999999998 3317 452 119 93
leaf_count=143 48 16 3317 452 119 93
internal_value=0 -0.000964153 -0.00126582 -0.000778699 0.00903614 0.00201835
internal_weight=4188 4045 4029 3981 664 545
internal_count=4188 4045 4029 3981 664 545
is_linear=0
shrinkage=0.1


Tree=31
num_leaves=7
num_cat=0
split_feature=0 2 3 3 3 3
split_gain=10.0807 15.9337 19.522 31.7286 12.3366 26.5075
threshold=28.950000000000003 0.32041146939831461 10.923450000000003 13.762650000000002 16.064700000000006 10.923450000000003
decision_type=2 2 2 2 2 2
left_child=1 -1 -3 -4 5 -2
right_child=4 2 3 -5 -6 -7
leaf_value=0.016474548620665275 -0.015241279114920125 0.041859667102820089 -0.027612897992901033 0.0035215894674392456 -0.005995576499150607 0.0082185916673443212
leaf_weight=274 659 37 98 255 1702 1163
leaf_count=274 659 37 98 255 1702 1163
internal_value=0.000143266 0.0114458 -0.00153846 -0.00878187 -0.00198638 0.00373216
internal_weight=4188 664 390 353 3524 1822
internal_count=4188 664 390 353 3524 1822
is_linear=0
shrinkage=0.1


Tree=32
num_leaves=7
num_cat=0
split_feature=2 0 2 3 3 3
split_gain=8.29991 7.89855 7.00333 8.64648 15.3941 6.95682
threshold=-0.99992632385251334 28.150000000000002 -0.5793997530542554 10.923450000000003 13.762650000000002 10.923450000000003
decision_type=2 2 2 2 2 2
left_child=-1 2 -2 -4 -5 -3
right_child=1 5 3 4 -6 -7
leaf_value=0.063560174112620285 0.019895364597653765 -0.011568965712458435 0.05453117327797477 -0.017483949665640781 0.0045738548060130779 0.00046483744627491834
leaf_weight=11.999999999999998 85 667 29 65 227 3103
leaf_count=12 85 667 29 65 227 3103
internal_value=0.000286533 4.78927e-05 0.0133005 0.00654206 0.00136986 -0.00137931
internal_weight=4188 4176 406 321 292 3770
internal_count=4188 4176 406 321 292 3770
is_linear=0
shrinkage=0.1


Tree=33
num_leaves=7
num_cat=0
split_feature=2 0 3 3 1 2
split_gain=8.32857 6.71719 6.11358 20.1115 24.2755 15.8347
threshold=-0.99992632385251334 26.750000000000004 20.123100000000004 18.381400000000003 0.42389877423262928 0.56532384738233976
decision_type=2 2 2 2 2 2
left_child=-1 -2 3 -3 5 -5
right_child=1 2 -4 4 -6 -7
leaf_value=0.057204156701358255 0.012736326442571701 0.00057796864196162925 0.0033665314759427135 -0.011480203015250849 -0.043556066888750355 0.019535017128687659
leaf_weight=11.999999999999998 104 2711 686 281 256 138
leaf_count=12 104 2711 686 281 256 138
internal_value=0.000143266 -9.57854e-05 -0.000736739 -0.0024808 -0.0179259 -0.00310263
internal_weight=4188 4176 4072 3386 675 419
internal_count=4188 4176 4072 3386 675 419
is_linear=0
shrinkage=0.1


Tree=34
num_leaves=7
num_cat=0
split_feature=2 1 0 3 1 0
split_gain=8.28083 6.90463 6.30997 6.27513 20.1496 14.3891
threshold=-0.99992632385251334 -0.99863729997741457 26.750000000000004 10.923450000000003 0.79462857753386984 38.250000000000007
decision_type=2 2 2 2 2 2
left_child=-1 -2 -3 4 5 -4
right_child=1 2 3 -5 -6 -7
leaf_value=0.051483741031222434 -0.020747162846358327 0.011462693798314529 0.0042969246130543761 0.00052715929557690109 -0.046423919859855368 -0.050869952318366753
leaf_weight=11.999999999999998 72 104 493 3325 152 30
leaf_count=12 72 104 493 3325 152 30
internal_value=0.000382044 0.000143678 0.000682261 5e-05 -0.00874074 0.000573614
internal_weight=4188 4176 4104 4000 675 523
internal_count=4188 4176 4104 4000 675 523
is_linear=0
shrinkage=0.1


Tree=35
num_leaves=7
num_cat=0
split_feature=0 2 3 3 1 0
split_gain=6.85935 5.87921 25.4928 21.4331 19.1143 17.3095
threshold=26.750000000000004 -0.10281720934011651 16.064700000000006 13.762650000000002 1.0000000180025095e-35 28.750000000000004
decision_type=2 2 2 2 2 2
left_child=-1 2 4 -3 -2 -4
right_child=1 3 5 -5 -6 -7
leaf_value=0.010340703436774968 0.00030784090789357513 -0.012904003401681208 0.015192529244809932 0.0013460540413171296 0.024551791109686763 -0.012261468568779028
leaf_weight=105 509 686 164 1377 516 831
leaf_count=105 509 686 164 1377 516 831
internal_value=0.000477555 -0.000171443 0.00366337 -0.00392632 0.0147317 -0.00773869
internal_weight=4188 4083 2020 2063 1025 995
internal_count=4188 4083 2020 2063 1025 995
is_linear=0
shrinkage=0.1


Tree=36
num_leaves=7
num_cat=0
split_feature=0 1 1 3 2 3
split_gain=6.23326 5.80859 4.6777 4.61073 11.3964 18.8512
threshold=27.050000000000004 -0.99760647975412031 0.24635219865135727 20.123100000000004 0.81994155618811793 16.064700000000006
decision_type=2 2 2 2 2 2
left_child=2 -2 -1 4 5 -3
right_child=1 3 -4 -5 -6 -7
leaf_value=0.0038878269027958715 -0.017732667600837589 0.0056442955579339652 0.049306630708911683 0.0040547080323903783 -0.0041067089419316921 -0.0094053643596893957
leaf_weight=136 94 1703 6.9999999999999991 666 473 1109
leaf_count=136 94 1703 7 666 473 1109
internal_value=-0.000238777 -0.000964153 0.0202797 -0.000379651 -0.00191781 0.000497866
internal_weight=4188 4045 143 3951 3285 2812
internal_count=4188 4045 143 3951 3285 2812
is_linear=0
shrinkage=0.1


Tree=37
num_leaves=7
num_cat=0
split_feature=0 2 1 0 2 0
split_gain=6.03734 5.41025 5.21073 4.53212 4 5.44444
threshold=24.250000000000004 -0.99992632385251334 -0.99937381720471408 41.900000000000006 0.017165697368537947 34.850000000000001
decision_type=2 2 2 2 2 2
left_child=-1 -2 4 -4 -3 -6
right_child=1 2 3 -5 5 -7
leaf_value=0.030235300296085146 0.043315758261338114 -0.024084201707665107 -0.00028737273868918446 0.073505521045740152 0.033656927719717969 -0.066058276283250103
leaf_weight=5.9999999999999991 11.999999999999998 36 4114 7.9999999999999991 8.9999999999999982 2.9999999999999991
leaf_count=6 12 36 4114 8 9 3
internal_value=-0.000238777 -0.000382592 -0.00057554 -0.000194081 -0.0333333 0.0166667
internal_weight=4188 4182 4170 4122 48 12
internal_count=4188 4182 4170 4122 48 12
is_linear=0
shrinkage=0.1


Tree=38
num_leaves=7
num_cat=0
split_feature=0 1 0 2 0 3
split_gain=4.58329 6.73844 4.58446 4.23267 11.1659 7.42833
threshold=26.050000000000004 -0.87025318080773884 41.900000000000006 -0.99374406038856444 36.150000000000013 13.762650000000002
decision_type=2 2 2 2 2 2
left_child=1 -1 3 4 5 -2
right_child=2 -3 -4 -5 -6 -7
leaf_value=-0.028037390442957468 0.075821806650406415 0.030035179763901451 0.066154968941166126 -0.00070191970532028358 -0.024067500829538041 0.018969537236090808
leaf_weight=5.9999999999999991 26 38 7.9999999999999991 3980 34 96
leaf_count=6 26 38 8 3980 34 96
internal_value=-0.000286533 0.0318182 -0.000627413 -0.000773694 0.0153846 0.0295082
internal_weight=4188 44 4144 4136 156 122
internal_count=4188 44 4144 4136 156 122
is_linear=0
shrinkage=0.1


Tree=39
num_leaves=7
num_cat=0
split_feature=0 1 2 0 0 2
split_gain=4.57199 3.94321 6.25 4.26667 3.98178 18.0015
threshold=41.900000000000006 -0.99937381720471408 0.017165697368537947 36.95000000000001 37.250000000000007 -0.8572830456751136
decision_type=2 2 2 2 2 2
left_child=1 2 -1 -4 -3 -6
right_child=-2 4 3 -5 5 -7
leaf_value=-0.021605589566366563 0.059539472047049527 0.00048122566249595436 0.020638131398646894 -0.06266139506476151 -0.039916311070369581 0.0022509143175553081
leaf_weight=36 7.9999999999999991 3819 9.9999999999999982 1.9999999999999989 66 247
leaf_count=36 8 3819 10 2 66 247
internal_value=-0.00052531 -0.000669856 -0.0291667 0.0333333 -0.000338819 -0.0111821
internal_weight=4188 4180 48 12 4132 313
internal_count=4188 4180 48 12 4132 313
is_linear=0
shrinkage=0.1


end of trees

feature_importances:
latitude=82
raw_tmax_c=57
doy_cos=56
doy_sin=45

parameters:
[boosting: gbdt]
[objective: regression_l1]
[metric: l1]
[tree_learner: serial]
[device_type: cpu]
[data_sample_strategy: bagging]
[data: ]
[valid: ]
[num_iterations: 40]
[learning_rate: 0.1]
[num_leaves: 7]
[num_threads: 1]
[seed: 17]
[deterministic: 1]
[force_col_wise: 1]
[force_row_wise: 0]
[histogram_pool_size: -1]
[max_depth: -1]
[min_data_in_leaf: 1]
[min_sum_hessian_in_leaf: 0.001]
[bagging_fraction: 1]
[pos_bagging_fraction: 1]
[neg_bagging_fraction: 1]
[bagging_freq: 0]
[bagging_seed: 26602]
[bagging_by_query: 0]
[feature_fraction: 1]
[feature_fraction_bynode: 1]
[feature_fraction_seed: 18297]
[extra_trees: 0]
[extra_seed: 13015]
[early_stopping_round: 0]
[early_stopping_min_delta: 0]
[first_metric_only: 0]
[max_delta_step: 0]
[lambda_l1: 0]
[lambda_l2: 0]
[linear_lambda: 0]
[min_gain_to_split: 0]
[drop_rate: 0.1]
[max_drop: 50]
[skip_drop: 0.5]
[xgboost_dart_mode: 0]
[uniform_drop: 0]
[drop_seed: 30017]
[top_rate: 0.2]
[other_rate: 0.1]
[min_data_per_group: 100]
[max_cat_threshold: 32]
[cat_l2: 10]
[cat_smooth: 10]
[max_cat_to_onehot: 4]
[top_k: 20]
[monotone_constraints: ]
[monotone_constraints_method: basic]
[monotone_penalty: 0]
[feature_contri: ]
[forcedsplits_filename: ]
[refit_decay_rate: 0.9]
[cegb_tradeoff: 1]
[cegb_penalty_split: 0]
[cegb_penalty_feature_lazy: ]
[cegb_penalty_feature_coupled: ]
[path_smooth: 0]
[interaction_constraints: ]
[verbosity: -1]
[saved_feature_importance_type: 0]
[use_quantized_grad: 0]
[num_grad_quant_bins: 4]
[quant_train_renew_leaf: 0]
[stochastic_rounding: 1]
[linear_tree: 0]
[max_bin: 255]
[max_bin_by_feature: ]
[min_data_in_bin: 3]
[bin_construct_sample_cnt: 200000]
[data_random_seed: 94]
[is_enable_sparse: 1]
[enable_bundle: 1]
[use_missing: 1]
[zero_as_missing: 0]
[feature_pre_filter: 1]
[pre_partition: 0]
[two_round: 0]
[header: 0]
[label_column: ]
[weight_column: ]
[group_column: ]
[ignore_column: ]
[categorical_feature: ]
[forcedbins_filename: ]
[precise_float_parser: 0]
[parser_config_file: ]
[objective_seed: 20363]
[num_class: 1]
[is_unbalance: 0]
[scale_pos_weight: 1]
[sigmoid: 1]
[boost_from_average: 1]
[reg_sqrt: 0]
[alpha: 0.9]
[fair_c: 1]
[poisson_max_delta_step: 0.7]
[tweedie_variance_power: 1.5]
[lambdarank_truncation_level: 30]
[lambdarank_norm: 1]
[label_gain: ]
[lambdarank_position_bias_regularization: 0]
[eval_at: ]
[multi_error_top_k: 1]
[auc_mu_weights: ]
[num_machines: 1]
[local_listen_port: 12400]
[time_out: 120]
[machine_list_filename: ]
[machines: ]
[gpu_platform_id: -1]
[gpu_device_id: -1]
[gpu_device_id_list: ]
[gpu_use_dp: 0]
[num_gpu: 1]

end of parameters

pandas_categorical:null
